data,psy,img
neutral,neutral,frame_000072.PNG
neutral,neutral,frame_000073.PNG
neutral,neutral,frame_000074.PNG
neutral,neutral,frame_000075.PNG
neutral,neutral,frame_000076.PNG
neutral,neutral,frame_000077.PNG
neutral,neutral,frame_000078.PNG
neutral,neutral,frame_000079.PNG
neutral,neutral,frame_000080.PNG
neutral,neutral,frame_000081.PNG
neutral,neutral,frame_000082.PNG
neutral,neutral,frame_000083.PNG
neutral,neutral,frame_000084.PNG
neutral,neutral,frame_000085.PNG
neutral,neutral,frame_000086.PNG
negative-deactive,neutral,frame_000087.PNG
negative-deactive,neutral,frame_000088.PNG
negative-deactive,neutral,frame_000089.PNG
negative-deactive,neutral,frame_000090.PNG
negative-deactive,neutral,frame_000091.PNG
negative-deactive,neutral,frame_000096.PNG
negative-deactive,neutral,frame_000097.PNG
negative-deactive,neutral,frame_000098.PNG
neutral,neutral,frame_000114.PNG
neutral,neutral,frame_000115.PNG
neutral,neutral,frame_000116.PNG
neutral,neutral,frame_000117.PNG
neutral,neutral,frame_000118.PNG
neutral,neutral,frame_000119.PNG
neutral,neutral,frame_000120.PNG
neutral,neutral,frame_000121.PNG
neutral,negative-active,frame_000122.PNG
positive-active,neutral,frame_000134.PNG
positive-active,neutral,frame_000135.PNG
positive-active,neutral,frame_000136.PNG
positive-active,neutral,frame_000137.PNG
positive-active,neutral,frame_000138.PNG
positive-active,neutral,frame_000139.PNG
positive-active,neutral,frame_000140.PNG
positive-active,neutral,frame_000141.PNG
positive-active,positive-deactive,frame_000142.PNG
positive-active,neutral,frame_000143.PNG
positive-active,neutral,frame_000144.PNG
positive-active,neutral,frame_000145.PNG
positive-active,neutral,frame_000146.PNG
positive-active,positive-deactive,frame_000147.PNG
positive-active,positive-deactive,frame_000148.PNG
positive-active,neutral,frame_000149.PNG
positive-active,neutral,frame_000150.PNG
positive-active,neutral,frame_000151.PNG
positive-active,neutral,frame_000152.PNG
positive-active,neutral,frame_000158.PNG
positive-active,neutral,frame_000159.PNG
positive-active,neutral,frame_000160.PNG
positive-active,neutral,frame_000161.PNG
positive-active,neutral,frame_000162.PNG
positive-active,neutral,frame_000163.PNG
positive-active,neutral,frame_000164.PNG
positive-active,neutral,frame_000165.PNG
negative-deactive,negative-deactive,frame_000170.PNG
negative-deactive,negative-deactive,frame_000171.PNG
negative-deactive,negative-deactive,frame_000172.PNG
negative-deactive,negative-deactive,frame_000173.PNG
negative-deactive,negative-deactive,frame_000174.PNG
negative-deactive,negative-deactive,frame_000175.PNG
negative-deactive,negative-deactive,frame_000176.PNG
negative-deactive,negative-deactive,frame_000177.PNG
negative-deactive,negative-deactive,frame_000178.PNG
negative-deactive,negative-deactive,frame_000179.PNG
negative-deactive,negative-deactive,frame_000180.PNG
negative-deactive,neutral,frame_000181.PNG
negative-deactive,neutral,frame_000182.PNG
negative-deactive,negative-deactive,frame_000183.PNG
negative-deactive,negative-deactive,frame_000188.PNG
negative-deactive,negative-deactive,frame_000189.PNG
negative-deactive,negative-deactive,frame_000190.PNG
negative-deactive,negative-deactive,frame_000191.PNG
negative-deactive,neutral,frame_000192.PNG
negative-deactive,neutral,frame_000193.PNG
negative-deactive,neutral,frame_000194.PNG
negative-active,negative-active,frame_000220.PNG
negative-active,negative-active,frame_000221.PNG
negative-active,negative-active,frame_000222.PNG
negative-active,negative-active,frame_000223.PNG
negative-active,negative-active,frame_000224.PNG
negative-active,negative-active,frame_000225.PNG
negative-active,negative-deactive,frame_000233.PNG
negative-active,negative-deactive,frame_000234.PNG
negative-active,negative-deactive,frame_000235.PNG
negative-active,negative-deactive,frame_000236.PNG
negative-active,negative-deactive,frame_000237.PNG
negative-active,positive-active,frame_000244.PNG
positive-active,positive-active,frame_000274.PNG
positive-active,positive-active,frame_000275.PNG
positive-active,positive-active,frame_000276.PNG
positive-active,positive-active,frame_000277.PNG
positive-active,positive-active,frame_000278.PNG
positive-active,positive-active,frame_000279.PNG
positive-active,positive-active,frame_000296.PNG
positive-active,positive-active,frame_000297.PNG
positive-active,negative-deactive,frame_000309.PNG
positive-active,negative-deactive,frame_000310.PNG
positive-active,negative-deactive,frame_000311.PNG
positive-active,negative-deactive,frame_000312.PNG
positive-active,negative-deactive,frame_000313.PNG
positive-active,negative-deactive,frame_000314.PNG
positive-active,negative-deactive,frame_000315.PNG
positive-active,negative-deactive,frame_000316.PNG
positive-active,negative-deactive,frame_000317.PNG
positive-active,negative-deactive,frame_000318.PNG
positive-active,negative-deactive,frame_000319.PNG
positive-active,negative-deactive,frame_000320.PNG
positive-active,negative-deactive,frame_000321.PNG
positive-active,positive-active,frame_000326.PNG
positive-active,positive-active,frame_000327.PNG
positive-active,positive-active,frame_000328.PNG
positive-active,positive-active,frame_000329.PNG
positive-active,positive-active,frame_000330.PNG
positive-active,positive-active,frame_000331.PNG
positive-active,positive-active,frame_000332.PNG
positive-active,positive-active,frame_000333.PNG
positive-active,positive-active,frame_000334.PNG
positive-active,positive-active,frame_000335.PNG
positive-active,positive-active,frame_000336.PNG
positive-active,positive-active,frame_000337.PNG
positive-active,positive-active,frame_000338.PNG
positive-active,positive-active,frame_000339.PNG
positive-active,positive-active,frame_000340.PNG
positive-active,positive-active,frame_000341.PNG
positive-active,positive-active,frame_000353.PNG
positive-active,positive-active,frame_000354.PNG
positive-active,positive-active,frame_000355.PNG
positive-active,positive-active,frame_000356.PNG
positive-active,positive-active,frame_000357.PNG
positive-active,positive-active,frame_000358.PNG
positive-active,positive-active,frame_000359.PNG
positive-active,positive-active,frame_000370.PNG
positive-active,positive-active,frame_000371.PNG
positive-active,positive-active,frame_000372.PNG
positive-active,positive-active,frame_000373.PNG
positive-active,positive-active,frame_000374.PNG
positive-active,positive-active,frame_000375.PNG
positive-active,positive-active,frame_000376.PNG
positive-active,positive-active,frame_000377.PNG
positive-active,positive-active,frame_000378.PNG
positive-active,positive-active,frame_000379.PNG
positive-active,positive-active,frame_000380.PNG
positive-active,positive-active,frame_000381.PNG
positive-active,positive-active,frame_000382.PNG
positive-active,positive-active,frame_000383.PNG
positive-active,positive-active,frame_000384.PNG
positive-active,positive-active,frame_000385.PNG
positive-active,positive-active,frame_000386.PNG
positive-active,positive-active,frame_000387.PNG
positive-active,positive-active,frame_000388.PNG
positive-active,positive-active,frame_000389.PNG
positive-active,positive-active,frame_000390.PNG
positive-active,positive-active,frame_000391.PNG
positive-active,positive-active,frame_000392.PNG
positive-active,positive-active,frame_000393.PNG
positive-active,positive-active,frame_000394.PNG
positive-active,positive-active,frame_000395.PNG
positive-active,positive-active,frame_000396.PNG
positive-active,positive-active,frame_000397.PNG
positive-active,positive-active,frame_000398.PNG
positive-active,positive-active,frame_000399.PNG
positive-active,positive-active,frame_000400.PNG
positive-active,positive-active,frame_000401.PNG
positive-active,positive-active,frame_000402.PNG
positive-active,positive-active,frame_000403.PNG
positive-active,positive-active,frame_000404.PNG
positive-active,positive-active,frame_000405.PNG
positive-active,positive-active,frame_000406.PNG
positive-active,positive-active,frame_000412.PNG
positive-active,positive-active,frame_000413.PNG
positive-active,positive-active,frame_000414.PNG
positive-active,positive-active,frame_000415.PNG
positive-active,positive-active,frame_000416.PNG
positive-active,positive-active,frame_000417.PNG
positive-active,positive-active,frame_000418.PNG
positive-active,positive-active,frame_000419.PNG
positive-active,positive-active,frame_000420.PNG
positive-active,positive-active,frame_000421.PNG
negative-deactive,negative-deactive,frame_000470.PNG
negative-deactive,negative-deactive,frame_000471.PNG
negative-deactive,negative-deactive,frame_000472.PNG
negative-deactive,negative-deactive,frame_000473.PNG
negative-deactive,negative-deactive,frame_000474.PNG
negative-deactive,negative-deactive,frame_000475.PNG
negative-deactive,negative-deactive,frame_000476.PNG
negative-deactive,negative-deactive,frame_000477.PNG
negative-deactive,negative-deactive,frame_000478.PNG
negative-deactive,negative-deactive,frame_000479.PNG
negative-deactive,negative-deactive,frame_000480.PNG
negative-deactive,negative-deactive,frame_000481.PNG
negative-deactive,negative-deactive,frame_000482.PNG
negative-deactive,negative-deactive,frame_000483.PNG
negative-deactive,negative-deactive,frame_000484.PNG
negative-deactive,negative-deactive,frame_000485.PNG
negative-deactive,negative-deactive,frame_000486.PNG
negative-deactive,negative-deactive,frame_000487.PNG
negative-deactive,negative-deactive,frame_000488.PNG
negative-deactive,negative-deactive,frame_000489.PNG
negative-deactive,negative-deactive,frame_000490.PNG
positive-active,negative-deactive,frame_000496.PNG
positive-active,negative-deactive,frame_000497.PNG
positive-active,negative-deactive,frame_000498.PNG
positive-active,neutral,frame_000499.PNG
positive-active,negative-deactive,frame_000500.PNG
positive-active,negative-deactive,frame_000501.PNG
positive-active,negative-deactive,frame_000502.PNG
positive-active,negative-deactive,frame_000503.PNG
positive-active,negative-deactive,frame_000504.PNG
positive-active,negative-deactive,frame_000505.PNG
positive-active,positive-active,frame_000506.PNG
positive-active,positive-active,frame_000507.PNG
positive-active,positive-active,frame_000508.PNG
positive-active,positive-active,frame_000509.PNG
positive-active,positive-active,frame_000510.PNG
positive-active,positive-active,frame_000511.PNG
positive-active,positive-active,frame_000512.PNG
positive-active,positive-active,frame_000513.PNG
positive-active,positive-active,frame_000514.PNG
positive-active,positive-active,frame_000515.PNG
positive-active,positive-active,frame_000516.PNG
positive-active,positive-active,frame_000517.PNG
positive-active,positive-active,frame_000518.PNG
positive-active,positive-active,frame_000519.PNG
positive-active,positive-active,frame_000520.PNG
positive-active,positive-active,frame_000521.PNG
positive-active,positive-active,frame_000522.PNG
positive-active,positive-active,frame_000523.PNG
positive-active,positive-active,frame_000534.PNG
positive-active,positive-deactive,frame_000535.PNG
positive-active,positive-deactive,frame_000536.PNG
positive-active,positive-active,frame_000542.PNG
positive-active,positive-active,frame_000543.PNG
positive-deactive,positive-deactive,frame_000550.PNG
positive-deactive,positive-deactive,frame_000551.PNG
positive-deactive,positive-deactive,frame_000552.PNG
positive-deactive,positive-deactive,frame_000553.PNG
positive-deactive,positive-deactive,frame_000554.PNG
positive-deactive,positive-deactive,frame_000555.PNG
positive-deactive,positive-deactive,frame_000556.PNG
positive-deactive,positive-deactive,frame_000557.PNG
positive-deactive,positive-deactive,frame_000558.PNG
positive-deactive,positive-deactive,frame_000559.PNG
positive-deactive,positive-deactive,frame_000560.PNG
positive-deactive,positive-deactive,frame_000561.PNG
positive-active,positive-active,frame_000562.PNG
positive-active,positive-active,frame_000563.PNG
positive-active,positive-active,frame_000564.PNG
positive-active,positive-active,frame_000565.PNG
positive-active,positive-active,frame_000566.PNG
positive-active,positive-active,frame_000567.PNG
positive-active,positive-active,frame_000568.PNG
positive-active,positive-active,frame_000569.PNG
positive-active,positive-active,frame_000570.PNG
positive-active,positive-active,frame_000571.PNG
positive-active,positive-active,frame_000572.PNG
positive-active,positive-active,frame_000573.PNG
positive-active,positive-active,frame_000574.PNG
positive-active,positive-active,frame_000575.PNG
positive-active,positive-active,frame_000576.PNG
positive-active,positive-active,frame_000577.PNG
positive-active,positive-active,frame_000578.PNG
positive-active,positive-active,frame_000579.PNG
positive-active,positive-active,frame_000580.PNG
positive-active,positive-active,frame_000581.PNG
positive-active,positive-active,frame_000582.PNG
positive-active,positive-active,frame_000583.PNG
positive-active,positive-active,frame_000584.PNG
positive-active,positive-active,frame_000585.PNG
positive-active,positive-active,frame_000586.PNG
positive-active,positive-active,frame_000587.PNG
positive-active,positive-active,frame_000588.PNG
positive-active,positive-active,frame_000589.PNG
positive-active,positive-active,frame_000590.PNG
positive-active,positive-active,frame_000591.PNG
positive-active,positive-active,frame_000592.PNG
positive-active,positive-active,frame_000593.PNG
positive-active,negative-deactive,frame_000598.PNG
positive-active,negative-deactive,frame_000599.PNG
positive-active,negative-deactive,frame_000600.PNG
positive-active,negative-active,frame_000601.PNG
positive-active,negative-active,frame_000602.PNG
positive-active,negative-active,frame_000603.PNG
negative-deactive,negative-active,frame_000604.PNG
negative-deactive,positive-deactive,frame_000605.PNG
negative-deactive,positive-deactive,frame_000606.PNG
negative-deactive,positive-deactive,frame_000607.PNG
negative-deactive,negative-deactive,frame_000608.PNG
negative-deactive,negative-deactive,frame_000609.PNG
negative-deactive,negative-deactive,frame_000610.PNG
negative-deactive,negative-deactive,frame_000611.PNG
negative-deactive,negative-deactive,frame_000612.PNG
negative-deactive,negative-deactive,frame_000613.PNG
negative-deactive,negative-active,frame_000614.PNG
negative-deactive,negative-active,frame_000615.PNG
negative-deactive,negative-active,frame_000616.PNG
negative-deactive,negative-active,frame_000617.PNG
negative-deactive,negative-active,frame_000618.PNG
negative-deactive,negative-active,frame_000619.PNG
negative-deactive,negative-active,frame_000620.PNG
negative-deactive,negative-active,frame_000621.PNG
negative-deactive,negative-deactive,frame_000622.PNG
negative-deactive,negative-deactive,frame_000623.PNG
negative-deactive,negative-deactive,frame_000624.PNG
negative-deactive,negative-deactive,frame_000625.PNG
negative-deactive,negative-deactive,frame_000626.PNG
negative-deactive,negative-deactive,frame_000627.PNG
negative-deactive,negative-deactive,frame_000628.PNG
negative-deactive,negative-deactive,frame_000629.PNG
negative-deactive,negative-deactive,frame_000630.PNG
negative-deactive,negative-deactive,frame_000631.PNG
negative-deactive,negative-deactive,frame_000632.PNG
negative-deactive,negative-deactive,frame_000633.PNG
negative-deactive,negative-deactive,frame_000634.PNG
negative-deactive,negative-deactive,frame_000635.PNG
negative-deactive,negative-deactive,frame_000636.PNG
negative-deactive,negative-deactive,frame_000637.PNG
negative-deactive,negative-deactive,frame_000638.PNG
negative-deactive,negative-deactive,frame_000639.PNG
positive-active,negative-active,frame_000647.PNG
positive-active,negative-active,frame_000648.PNG
positive-active,negative-active,frame_000649.PNG
positive-active,negative-active,frame_000650.PNG
positive-active,positive-active,frame_000651.PNG
positive-active,positive-active,frame_000652.PNG
positive-active,positive-active,frame_000653.PNG
positive-active,positive-active,frame_000654.PNG
positive-active,positive-active,frame_000655.PNG
positive-active,positive-active,frame_000656.PNG
positive-active,negative-active,frame_000657.PNG
positive-active,negative-active,frame_000658.PNG
positive-active,negative-active,frame_000659.PNG
positive-active,negative-active,frame_000660.PNG
positive-active,negative-active,frame_000661.PNG
positive-active,negative-active,frame_000662.PNG
positive-active,negative-active,frame_000663.PNG
positive-deactive,negative-deactive,frame_000666.PNG
positive-deactive,negative-deactive,frame_000667.PNG
positive-deactive,negative-deactive,frame_000668.PNG
positive-deactive,negative-deactive,frame_000669.PNG
positive-deactive,negative-deactive,frame_000670.PNG
positive-deactive,negative-deactive,frame_000671.PNG
positive-active,negative-deactive,frame_000678.PNG
positive-active,negative-deactive,frame_000679.PNG
positive-active,negative-deactive,frame_000680.PNG
positive-active,negative-deactive,frame_000681.PNG
positive-active,negative-deactive,frame_000682.PNG
positive-active,positive-deactive,frame_000688.PNG
positive-active,negative-active,frame_000689.PNG
positive-active,negative-active,frame_000690.PNG
positive-active,negative-active,frame_000691.PNG
positive-active,negative-active,frame_000692.PNG
positive-active,negative-active,frame_000693.PNG
positive-active,negative-active,frame_000694.PNG
positive-active,negative-active,frame_000695.PNG
negative-deactive,negative-active,frame_000696.PNG
negative-deactive,negative-active,frame_000699.PNG
negative-deactive,negative-active,frame_000700.PNG
negative-deactive,negative-active,frame_000701.PNG
negative-deactive,negative-active,frame_000702.PNG
negative-deactive,negative-active,frame_000703.PNG
negative-deactive,negative-active,frame_000704.PNG
negative-deactive,negative-active,frame_000705.PNG
negative-deactive,negative-active,frame_000706.PNG
negative-deactive,negative-deactive,frame_000707.PNG
negative-deactive,negative-deactive,frame_000708.PNG
negative-deactive,negative-deactive,frame_000709.PNG
negative-deactive,negative-deactive,frame_000710.PNG
negative-deactive,negative-deactive,frame_000711.PNG
negative-deactive,negative-deactive,frame_000712.PNG
negative-deactive,negative-deactive,frame_000713.PNG
negative-deactive,negative-deactive,frame_000736.PNG
negative-deactive,negative-deactive,frame_000737.PNG
negative-deactive,negative-deactive,frame_000738.PNG
negative-deactive,negative-deactive,frame_000739.PNG
positive-active,negative-deactive,frame_000748.PNG
positive-active,negative-deactive,frame_000749.PNG
positive-active,negative-active,frame_000750.PNG
positive-active,negative-active,frame_000751.PNG
positive-active,negative-active,frame_000752.PNG
positive-deactive,negative-deactive,frame_000753.PNG
positive-deactive,negative-deactive,frame_000754.PNG
positive-deactive,negative-deactive,frame_000755.PNG
positive-deactive,negative-deactive,frame_000756.PNG
positive-deactive,negative-deactive,frame_000757.PNG
positive-deactive,negative-deactive,frame_000758.PNG
positive-deactive,negative-deactive,frame_000759.PNG
positive-deactive,negative-deactive,frame_000760.PNG
positive-deactive,negative-deactive,frame_000766.PNG
positive-deactive,negative-deactive,frame_000767.PNG
positive-deactive,negative-deactive,frame_000768.PNG
positive-deactive,negative-deactive,frame_000769.PNG
positive-deactive,negative-deactive,frame_000770.PNG
positive-active,negative-deactive,frame_000771.PNG
negative-deactive,negative-deactive,frame_000772.PNG
negative-deactive,negative-deactive,frame_000773.PNG
positive-active,negative-deactive,frame_000782.PNG
positive-active,negative-deactive,frame_000783.PNG
positive-active,negative-deactive,frame_000784.PNG
positive-active,negative-deactive,frame_000785.PNG
negative-deactive,negative-deactive,frame_000798.PNG
negative-deactive,negative-deactive,frame_000799.PNG
negative-deactive,negative-deactive,frame_000800.PNG
negative-deactive,negative-deactive,frame_000801.PNG
negative-deactive,negative-deactive,frame_000802.PNG
negative-deactive,negative-active,frame_000803.PNG
negative-deactive,negative-active,frame_000804.PNG
negative-deactive,negative-active,frame_000805.PNG
negative-deactive,negative-active,frame_000806.PNG
negative-deactive,negative-active,frame_000807.PNG
negative-deactive,negative-active,frame_000808.PNG
negative-deactive,negative-active,frame_000809.PNG
negative-deactive,negative-active,frame_000810.PNG
negative-deactive,negative-active,frame_000811.PNG
negative-deactive,negative-active,frame_000812.PNG
negative-deactive,negative-active,frame_000813.PNG
negative-deactive,negative-active,frame_000814.PNG
negative-deactive,negative-active,frame_000815.PNG
negative-deactive,negative-active,frame_000825.PNG
negative-deactive,negative-active,frame_000826.PNG
negative-deactive,negative-active,frame_000827.PNG
positive-active,positive-deactive,frame_000834.PNG
neutral,positive-deactive,frame_000835.PNG
neutral,positive-deactive,frame_000836.PNG
positive-active,positive-deactive,frame_000837.PNG
positive-active,positive-deactive,frame_000838.PNG
positive-active,positive-deactive,frame_000839.PNG
positive-active,positive-deactive,frame_000840.PNG
positive-active,positive-deactive,frame_000841.PNG
positive-active,positive-deactive,frame_000842.PNG
positive-active,positive-deactive,frame_000843.PNG
positive-active,positive-deactive,frame_000851.PNG
positive-active,positive-deactive,frame_000852.PNG
positive-active,positive-deactive,frame_000853.PNG
positive-active,positive-deactive,frame_000854.PNG
positive-active,positive-deactive,frame_000855.PNG
positive-active,positive-deactive,frame_000856.PNG
positive-active,positive-deactive,frame_000857.PNG
negative-deactive,positive-deactive,frame_000858.PNG
negative-deactive,positive-deactive,frame_000859.PNG
positive-deactive,positive-deactive,frame_000886.PNG
positive-deactive,positive-deactive,frame_000887.PNG
positive-deactive,positive-deactive,frame_000888.PNG
positive-deactive,positive-deactive,frame_000889.PNG
positive-active,positive-active,frame_000890.PNG
positive-active,positive-active,frame_000891.PNG
positive-active,positive-active,frame_000892.PNG
positive-active,positive-deactive,frame_000893.PNG
positive-active,positive-deactive,frame_000894.PNG
positive-deactive,positive-deactive,frame_000895.PNG
positive-deactive,positive-deactive,frame_000896.PNG
positive-deactive,positive-deactive,frame_000897.PNG
positive-deactive,positive-deactive,frame_000898.PNG
positive-deactive,positive-deactive,frame_000899.PNG
positive-deactive,positive-deactive,frame_000900.PNG
positive-deactive,positive-deactive,frame_000901.PNG
positive-deactive,positive-deactive,frame_000902.PNG
positive-deactive,positive-deactive,frame_000903.PNG
positive-deactive,positive-active,frame_000904.PNG
positive-deactive,positive-active,frame_000905.PNG
positive-deactive,positive-active,frame_000906.PNG
positive-deactive,positive-active,frame_000907.PNG
positive-deactive,positive-active,frame_000908.PNG
positive-deactive,positive-active,frame_000909.PNG
positive-deactive,positive-active,frame_000910.PNG
positive-deactive,negative-active,frame_000922.PNG
positive-deactive,negative-active,frame_000923.PNG
positive-deactive,negative-active,frame_000924.PNG
positive-deactive,negative-active,frame_000925.PNG
positive-deactive,negative-active,frame_000926.PNG
positive-deactive,negative-active,frame_000927.PNG
positive-deactive,negative-active,frame_000928.PNG
positive-active,positive-active,frame_000935.PNG
positive-active,positive-active,frame_000936.PNG
positive-active,positive-active,frame_000937.PNG
positive-active,positive-active,frame_000938.PNG
positive-active,positive-active,frame_000939.PNG
positive-active,positive-active,frame_000940.PNG
positive-active,positive-active,frame_000941.PNG
positive-active,positive-active,frame_000942.PNG
positive-active,positive-active,frame_000943.PNG
positive-active,negative-deactive,frame_000944.PNG
positive-active,negative-deactive,frame_000945.PNG
positive-active,negative-deactive,frame_000946.PNG
positive-active,negative-deactive,frame_000947.PNG
positive-active,negative-deactive,frame_000948.PNG
positive-active,negative-deactive,frame_000949.PNG
positive-active,positive-active,frame_000950.PNG
positive-active,negative-deactive,frame_000958.PNG
positive-active,negative-deactive,frame_000959.PNG
positive-active,negative-deactive,frame_000960.PNG
positive-active,negative-deactive,frame_000961.PNG
positive-active,negative-deactive,frame_000962.PNG
negative-active,negative-deactive,frame_000963.PNG
negative-active,negative-deactive,frame_000964.PNG
negative-active,negative-deactive,frame_000965.PNG
negative-active,negative-deactive,frame_000966.PNG
negative-active,negative-deactive,frame_000967.PNG
negative-active,negative-deactive,frame_000968.PNG
negative-active,negative-deactive,frame_000969.PNG
negative-active,negative-deactive,frame_000976.PNG
negative-active,negative-deactive,frame_000977.PNG
negative-active,negative-deactive,frame_000978.PNG
negative-active,negative-deactive,frame_000979.PNG
negative-active,negative-deactive,frame_000980.PNG
negative-active,negative-deactive,frame_000981.PNG
negative-active,negative-deactive,frame_000982.PNG
negative-active,negative-deactive,frame_000983.PNG
negative-active,negative-deactive,frame_000984.PNG
negative-active,negative-deactive,frame_000985.PNG
negative-active,negative-deactive,frame_000986.PNG
negative-active,negative-deactive,frame_000987.PNG
negative-active,negative-deactive,frame_000988.PNG
negative-active,negative-deactive,frame_000989.PNG
negative-active,negative-deactive,frame_000990.PNG
negative-active,negative-deactive,frame_000991.PNG
negative-active,negative-deactive,frame_000992.PNG
negative-active,negative-active,frame_000993.PNG
negative-active,negative-active,frame_000994.PNG
negative-active,negative-active,frame_000995.PNG
negative-active,negative-active,frame_000996.PNG
negative-active,negative-active,frame_000997.PNG
negative-active,negative-active,frame_000998.PNG
neutral,negative-deactive,frame_001059.PNG
neutral,negative-deactive,frame_001060.PNG
negative-deactive,negative-active,frame_001076.PNG
negative-deactive,negative-active,frame_001077.PNG
negative-deactive,negative-active,frame_001078.PNG
negative-deactive,negative-active,frame_001079.PNG
negative-deactive,negative-active,frame_001080.PNG
negative-deactive,negative-active,frame_001081.PNG
negative-deactive,negative-active,frame_001082.PNG
negative-deactive,negative-active,frame_001083.PNG
negative-deactive,negative-active,frame_001084.PNG
negative-deactive,negative-active,frame_001085.PNG
negative-deactive,negative-active,frame_001086.PNG
negative-deactive,negative-active,frame_001087.PNG
negative-deactive,negative-active,frame_001088.PNG
negative-deactive,negative-active,frame_001089.PNG
negative-deactive,negative-deactive,frame_001090.PNG
negative-deactive,negative-deactive,frame_001091.PNG
negative-deactive,negative-deactive,frame_001092.PNG
negative-deactive,negative-deactive,frame_001093.PNG
negative-deactive,negative-deactive,frame_001094.PNG
negative-deactive,negative-deactive,frame_001109.PNG
negative-deactive,negative-deactive,frame_001110.PNG
negative-deactive,negative-deactive,frame_001111.PNG
negative-deactive,negative-deactive,frame_001112.PNG
negative-deactive,negative-deactive,frame_001113.PNG
negative-deactive,negative-deactive,frame_001114.PNG
negative-deactive,negative-deactive,frame_001119.PNG
negative-deactive,negative-deactive,frame_001120.PNG
negative-deactive,negative-deactive,frame_001121.PNG
negative-deactive,negative-deactive,frame_001122.PNG
negative-deactive,negative-deactive,frame_001123.PNG
negative-deactive,negative-deactive,frame_001124.PNG
negative-deactive,negative-deactive,frame_001125.PNG
negative-deactive,negative-deactive,frame_001126.PNG
negative-deactive,negative-deactive,frame_001127.PNG
negative-deactive,negative-deactive,frame_001128.PNG
negative-deactive,negative-deactive,frame_001129.PNG
negative-deactive,negative-deactive,frame_001151.PNG
negative-deactive,negative-deactive,frame_001152.PNG
negative-deactive,negative-deactive,frame_001153.PNG
negative-deactive,negative-deactive,frame_001154.PNG
negative-deactive,negative-deactive,frame_001155.PNG
negative-deactive,negative-deactive,frame_001156.PNG
negative-deactive,negative-deactive,frame_001157.PNG
negative-deactive,negative-deactive,frame_001158.PNG
negative-deactive,negative-deactive,frame_001159.PNG
negative-deactive,negative-deactive,frame_001160.PNG
negative-deactive,negative-deactive,frame_001161.PNG
negative-deactive,negative-deactive,frame_001162.PNG
negative-deactive,negative-deactive,frame_001163.PNG
negative-deactive,negative-deactive,frame_001164.PNG
negative-deactive,negative-deactive,frame_001165.PNG
negative-deactive,negative-deactive,frame_001166.PNG
negative-deactive,negative-deactive,frame_001167.PNG
negative-deactive,negative-deactive,frame_001168.PNG
negative-deactive,negative-deactive,frame_001169.PNG
negative-deactive,negative-deactive,frame_001170.PNG
negative-deactive,negative-deactive,frame_001171.PNG
negative-deactive,negative-deactive,frame_001172.PNG
neutral,negative-deactive,frame_001206.PNG
neutral,negative-deactive,frame_001207.PNG
neutral,negative-deactive,frame_001208.PNG
neutral,negative-deactive,frame_001209.PNG
neutral,negative-deactive,frame_001210.PNG
neutral,negative-deactive,frame_001211.PNG
neutral,negative-deactive,frame_001212.PNG
neutral,negative-deactive,frame_001213.PNG
neutral,negative-deactive,frame_001214.PNG
neutral,negative-deactive,frame_001215.PNG
neutral,negative-deactive,frame_001216.PNG
neutral,negative-deactive,frame_001217.PNG
positive-active,negative-deactive,frame_001218.PNG
positive-active,negative-deactive,frame_001219.PNG
positive-active,negative-deactive,frame_001220.PNG
positive-active,negative-deactive,frame_001221.PNG
negative-deactive,negative-deactive,frame_001229.PNG
negative-deactive,negative-deactive,frame_001230.PNG
negative-deactive,negative-deactive,frame_001231.PNG
negative-deactive,negative-deactive,frame_001232.PNG
negative-deactive,negative-deactive,frame_001233.PNG
negative-deactive,negative-deactive,frame_001234.PNG
negative-deactive,negative-deactive,frame_001235.PNG
negative-deactive,negative-deactive,frame_001236.PNG
negative-deactive,negative-deactive,frame_001237.PNG
negative-deactive,negative-deactive,frame_001238.PNG
negative-deactive,negative-deactive,frame_001239.PNG
negative-deactive,negative-deactive,frame_001240.PNG
negative-deactive,negative-deactive,frame_001241.PNG
negative-deactive,negative-deactive,frame_001242.PNG
negative-deactive,negative-deactive,frame_001243.PNG
negative-deactive,negative-deactive,frame_001244.PNG
negative-deactive,negative-deactive,frame_001245.PNG
negative-deactive,negative-deactive,frame_001246.PNG
negative-deactive,negative-deactive,frame_001247.PNG
negative-deactive,negative-deactive,frame_001248.PNG
negative-deactive,negative-deactive,frame_001249.PNG
negative-deactive,negative-deactive,frame_001250.PNG
negative-deactive,negative-deactive,frame_001251.PNG
negative-deactive,negative-deactive,frame_001252.PNG
negative-deactive,negative-deactive,frame_001253.PNG
negative-deactive,negative-deactive,frame_001254.PNG
negative-deactive,negative-deactive,frame_001255.PNG
negative-deactive,negative-deactive,frame_001256.PNG
negative-deactive,negative-deactive,frame_001257.PNG
negative-deactive,negative-deactive,frame_001258.PNG
negative-deactive,negative-deactive,frame_001259.PNG
positive-active,negative-deactive,frame_001289.PNG
positive-active,negative-deactive,frame_001290.PNG
positive-active,negative-deactive,frame_001291.PNG
positive-active,negative-active,frame_001296.PNG
positive-active,negative-active,frame_001297.PNG
positive-active,negative-active,frame_001298.PNG
positive-active,negative-active,frame_001299.PNG
positive-active,negative-active,frame_001300.PNG
positive-active,negative-active,frame_001301.PNG
positive-active,negative-deactive,frame_001302.PNG
positive-active,negative-deactive,frame_001303.PNG
positive-active,negative-deactive,frame_001304.PNG
positive-active,negative-deactive,frame_001305.PNG
positive-active,negative-deactive,frame_001306.PNG
positive-active,negative-deactive,frame_001307.PNG
positive-active,negative-deactive,frame_001317.PNG
positive-active,negative-deactive,frame_001318.PNG
positive-active,negative-deactive,frame_001319.PNG
positive-active,negative-deactive,frame_001320.PNG
positive-active,negative-deactive,frame_001321.PNG
positive-active,negative-deactive,frame_001322.PNG
positive-active,negative-deactive,frame_001323.PNG
positive-active,negative-deactive,frame_001324.PNG
positive-active,negative-deactive,frame_001325.PNG
positive-active,negative-deactive,frame_001326.PNG
positive-active,negative-deactive,frame_001327.PNG
positive-active,negative-deactive,frame_001328.PNG
positive-active,negative-deactive,frame_001333.PNG
positive-active,negative-deactive,frame_001334.PNG
positive-active,negative-deactive,frame_001335.PNG
positive-active,negative-deactive,frame_001336.PNG
positive-active,negative-deactive,frame_001337.PNG
positive-active,negative-deactive,frame_001338.PNG
positive-active,negative-deactive,frame_001339.PNG
positive-active,negative-deactive,frame_001340.PNG
positive-active,negative-deactive,frame_001341.PNG
positive-active,negative-deactive,frame_001342.PNG
positive-active,negative-deactive,frame_001343.PNG
positive-active,negative-deactive,frame_001344.PNG
positive-active,negative-deactive,frame_001345.PNG
positive-active,negative-deactive,frame_001346.PNG
positive-active,negative-deactive,frame_001347.PNG
positive-active,negative-deactive,frame_001348.PNG
positive-active,negative-deactive,frame_001349.PNG
positive-active,negative-deactive,frame_001350.PNG
positive-active,negative-deactive,frame_001351.PNG
positive-active,negative-deactive,frame_001352.PNG
positive-active,negative-deactive,frame_001353.PNG
positive-active,negative-active,frame_001360.PNG
positive-active,negative-active,frame_001361.PNG
positive-active,negative-active,frame_001362.PNG
positive-active,negative-active,frame_001363.PNG
positive-active,negative-active,frame_001364.PNG
positive-active,negative-active,frame_001365.PNG
positive-active,negative-deactive,frame_001366.PNG
positive-active,negative-deactive,frame_001386.PNG
positive-active,negative-deactive,frame_001387.PNG
positive-active,negative-deactive,frame_001388.PNG
positive-active,negative-deactive,frame_001389.PNG
positive-active,negative-deactive,frame_001390.PNG
positive-active,negative-deactive,frame_001391.PNG
positive-active,negative-deactive,frame_001392.PNG
positive-active,negative-active,frame_001393.PNG
positive-active,negative-active,frame_001394.PNG
positive-active,negative-active,frame_001395.PNG
positive-active,negative-active,frame_001396.PNG
positive-active,negative-active,frame_001397.PNG
positive-active,negative-active,frame_001398.PNG
positive-active,negative-active,frame_001399.PNG
positive-active,negative-active,frame_001400.PNG
positive-active,negative-active,frame_001401.PNG
positive-active,negative-active,frame_001402.PNG
positive-active,negative-active,frame_001403.PNG
positive-active,negative-deactive,frame_001404.PNG
positive-active,negative-deactive,frame_001405.PNG
positive-active,negative-deactive,frame_001417.PNG
negative-active,negative-deactive,frame_001418.PNG
negative-active,negative-deactive,frame_001419.PNG
negative-active,positive-active,frame_001439.PNG
negative-active,positive-active,frame_001440.PNG
negative-active,positive-active,frame_001441.PNG
negative-active,positive-active,frame_001442.PNG
negative-active,positive-active,frame_001443.PNG
negative-active,positive-active,frame_001444.PNG
negative-active,positive-active,frame_001445.PNG
negative-active,positive-active,frame_001446.PNG
negative-active,positive-active,frame_001447.PNG
negative-active,positive-active,frame_001448.PNG
negative-active,positive-active,frame_001449.PNG
negative-active,positive-active,frame_001450.PNG
negative-active,positive-active,frame_001451.PNG
negative-active,positive-active,frame_001452.PNG
negative-active,positive-active,frame_001453.PNG
negative-active,positive-active,frame_001454.PNG
negative-active,positive-active,frame_001455.PNG
negative-active,positive-active,frame_001456.PNG
negative-active,positive-active,frame_001457.PNG
negative-active,positive-active,frame_001458.PNG
negative-active,positive-active,frame_001459.PNG
negative-active,positive-active,frame_001460.PNG
negative-active,positive-active,frame_001461.PNG
negative-active,positive-active,frame_001462.PNG
negative-active,positive-active,frame_001463.PNG
negative-active,positive-active,frame_001464.PNG
negative-active,positive-active,frame_001465.PNG
negative-active,positive-active,frame_001466.PNG
negative-active,negative-deactive,frame_001467.PNG
negative-active,negative-deactive,frame_001468.PNG
negative-active,negative-deactive,frame_001469.PNG
negative-active,negative-deactive,frame_001470.PNG
negative-active,negative-deactive,frame_001471.PNG
negative-active,negative-deactive,frame_001472.PNG
negative-active,negative-deactive,frame_001473.PNG
negative-active,negative-deactive,frame_001474.PNG
negative-active,negative-deactive,frame_001475.PNG
negative-deactive,negative-deactive,frame_001476.PNG
negative-deactive,negative-deactive,frame_001477.PNG
negative-deactive,negative-deactive,frame_001478.PNG
negative-deactive,negative-deactive,frame_001479.PNG
negative-deactive,negative-deactive,frame_001480.PNG
negative-deactive,negative-deactive,frame_001481.PNG
negative-deactive,negative-deactive,frame_001482.PNG
negative-deactive,negative-deactive,frame_001483.PNG
negative-deactive,negative-deactive,frame_001484.PNG
negative-deactive,negative-deactive,frame_001485.PNG
negative-deactive,negative-deactive,frame_001486.PNG
negative-deactive,negative-active,frame_001487.PNG
negative-deactive,negative-active,frame_001488.PNG
negative-deactive,negative-active,frame_001489.PNG
negative-deactive,negative-active,frame_001490.PNG
negative-active,negative-active,frame_001491.PNG
negative-active,negative-active,frame_001492.PNG
positive-deactive,negative-active,frame_001500.PNG
positive-deactive,negative-active,frame_001501.PNG
positive-deactive,negative-active,frame_001502.PNG
positive-deactive,negative-active,frame_001503.PNG
positive-deactive,negative-active,frame_001504.PNG
positive-deactive,negative-active,frame_001505.PNG
positive-deactive,negative-active,frame_001506.PNG
positive-active,negative-active,frame_001507.PNG
positive-active,negative-active,frame_001508.PNG
positive-active,negative-active,frame_001509.PNG
positive-active,negative-active,frame_001510.PNG
positive-active,positive-active,frame_001522.PNG
positive-active,positive-active,frame_001523.PNG
positive-active,positive-active,frame_001524.PNG
positive-active,positive-active,frame_001525.PNG
positive-active,positive-active,frame_001526.PNG
positive-active,positive-active,frame_001527.PNG
positive-active,positive-active,frame_001528.PNG
positive-active,positive-active,frame_001529.PNG
positive-active,positive-active,frame_001530.PNG
positive-active,positive-active,frame_001531.PNG
positive-active,positive-active,frame_001532.PNG
positive-active,positive-active,frame_001533.PNG
positive-active,positive-active,frame_001534.PNG
positive-active,positive-active,frame_001535.PNG
positive-active,positive-active,frame_001536.PNG
positive-active,positive-active,frame_001537.PNG
positive-active,negative-deactive,frame_001538.PNG
positive-active,negative-deactive,frame_001539.PNG
positive-active,negative-deactive,frame_001540.PNG
neutral,negative-deactive,frame_001541.PNG
neutral,negative-deactive,frame_001542.PNG
neutral,negative-deactive,frame_001543.PNG
neutral,negative-deactive,frame_001544.PNG
neutral,negative-deactive,frame_001552.PNG
neutral,negative-deactive,frame_001553.PNG
neutral,negative-deactive,frame_001554.PNG
neutral,negative-deactive,frame_001555.PNG
neutral,negative-deactive,frame_001556.PNG
neutral,negative-deactive,frame_001557.PNG
neutral,negative-active,frame_001558.PNG
neutral,negative-active,frame_001559.PNG
neutral,negative-active,frame_001560.PNG
neutral,negative-active,frame_001561.PNG
neutral,negative-active,frame_001562.PNG
neutral,negative-active,frame_001563.PNG
neutral,negative-active,frame_001564.PNG
neutral,negative-active,frame_001565.PNG
neutral,negative-active,frame_001566.PNG
neutral,negative-active,frame_001567.PNG
neutral,negative-active,frame_001568.PNG
neutral,negative-active,frame_001569.PNG
neutral,negative-active,frame_001570.PNG
neutral,negative-active,frame_001571.PNG
neutral,negative-active,frame_001572.PNG
neutral,negative-active,frame_001573.PNG
neutral,negative-active,frame_001574.PNG
neutral,negative-active,frame_001575.PNG
neutral,negative-active,frame_001581.PNG
neutral,negative-active,frame_001582.PNG
neutral,negative-active,frame_001583.PNG
negative-deactive,negative-active,frame_001584.PNG
negative-deactive,negative-active,frame_001585.PNG
negative-deactive,negative-active,frame_001586.PNG
negative-deactive,negative-active,frame_001587.PNG
negative-deactive,negative-active,frame_001588.PNG
positive-active,negative-active,frame_001593.PNG
positive-active,negative-active,frame_001594.PNG
positive-active,negative-active,frame_001595.PNG
positive-active,negative-active,frame_001596.PNG
positive-active,negative-active,frame_001597.PNG
positive-active,negative-active,frame_001598.PNG
positive-active,negative-active,frame_001599.PNG
positive-active,negative-active,frame_001600.PNG
positive-active,negative-active,frame_001601.PNG
positive-active,negative-active,frame_001602.PNG
positive-active,negative-active,frame_001603.PNG
positive-active,negative-active,frame_001604.PNG
positive-active,negative-active,frame_001605.PNG
positive-active,negative-active,frame_001606.PNG
positive-active,negative-active,frame_001607.PNG
positive-active,negative-active,frame_001608.PNG
positive-active,negative-active,frame_001609.PNG
negative-deactive,negative-active,frame_001680.PNG
negative-deactive,negative-active,frame_001681.PNG
negative-deactive,negative-active,frame_001682.PNG
negative-deactive,negative-active,frame_001683.PNG
negative-deactive,negative-active,frame_001684.PNG
negative-deactive,negative-active,frame_001685.PNG
negative-deactive,negative-active,frame_001686.PNG
negative-deactive,negative-active,frame_001687.PNG
negative-deactive,negative-active,frame_001688.PNG
negative-deactive,negative-active,frame_001689.PNG
negative-deactive,negative-deactive,frame_001690.PNG
negative-deactive,negative-deactive,frame_001691.PNG
negative-deactive,negative-deactive,frame_001697.PNG
negative-deactive,negative-deactive,frame_001698.PNG
negative-deactive,negative-deactive,frame_001699.PNG
negative-deactive,negative-deactive,frame_001700.PNG
negative-deactive,negative-deactive,frame_001701.PNG
neutral,negative-deactive,frame_001702.PNG
neutral,negative-deactive,frame_001703.PNG
neutral,negative-deactive,frame_001704.PNG
neutral,negative-deactive,frame_001705.PNG
neutral,negative-deactive,frame_001706.PNG
neutral,negative-deactive,frame_001707.PNG
neutral,negative-deactive,frame_001708.PNG
neutral,negative-deactive,frame_001709.PNG
neutral,negative-deactive,frame_001710.PNG
neutral,negative-deactive,frame_001711.PNG
neutral,negative-deactive,frame_001712.PNG
neutral,negative-deactive,frame_001734.PNG
neutral,negative-deactive,frame_001735.PNG
neutral,negative-deactive,frame_001736.PNG
neutral,negative-deactive,frame_001737.PNG
neutral,negative-deactive,frame_001738.PNG
neutral,negative-deactive,frame_001739.PNG
neutral,negative-deactive,frame_001740.PNG
neutral,negative-deactive,frame_001741.PNG
neutral,negative-deactive,frame_001742.PNG
neutral,negative-deactive,frame_001757.PNG
neutral,negative-deactive,frame_001758.PNG
neutral,negative-deactive,frame_001759.PNG
neutral,negative-deactive,frame_001767.PNG
neutral,negative-deactive,frame_001768.PNG
neutral,negative-deactive,frame_001769.PNG
neutral,negative-deactive,frame_001770.PNG
neutral,negative-deactive,frame_001771.PNG
neutral,negative-deactive,frame_001772.PNG
neutral,negative-deactive,frame_001773.PNG
neutral,negative-deactive,frame_001774.PNG
negative-deactive,negative-deactive,frame_001775.PNG
negative-deactive,negative-deactive,frame_001782.PNG
negative-deactive,negative-deactive,frame_001783.PNG
negative-deactive,negative-deactive,frame_001784.PNG
negative-deactive,negative-deactive,frame_001785.PNG
negative-deactive,negative-deactive,frame_001786.PNG
negative-deactive,negative-deactive,frame_001787.PNG
negative-deactive,negative-deactive,frame_001788.PNG
negative-deactive,negative-deactive,frame_001789.PNG
negative-deactive,negative-deactive,frame_001790.PNG
negative-deactive,negative-deactive,frame_001791.PNG
negative-deactive,negative-deactive,frame_001792.PNG
negative-deactive,negative-deactive,frame_001793.PNG
negative-deactive,negative-deactive,frame_001794.PNG
neutral,negative-deactive,frame_001811.PNG
neutral,negative-deactive,frame_001812.PNG
neutral,negative-deactive,frame_001813.PNG
positive-active,negative-active,frame_001830.PNG
positive-active,negative-deactive,frame_001831.PNG
positive-active,negative-active,frame_001835.PNG
positive-active,negative-active,frame_001836.PNG
positive-active,negative-active,frame_001837.PNG
negative-active,negative-active,frame_001838.PNG
negative-active,negative-active,frame_001839.PNG
negative-active,negative-active,frame_001840.PNG
negative-active,negative-active,frame_001841.PNG
negative-active,negative-active,frame_001842.PNG
negative-active,negative-active,frame_001843.PNG
negative-active,negative-active,frame_001844.PNG
negative-active,negative-active,frame_001845.PNG
negative-active,negative-active,frame_001846.PNG
negative-active,negative-active,frame_001847.PNG
negative-active,negative-active,frame_001848.PNG
negative-active,negative-active,frame_001849.PNG
negative-active,negative-active,frame_001850.PNG
negative-active,negative-active,frame_001851.PNG
negative-active,negative-active,frame_001852.PNG
negative-active,negative-active,frame_001853.PNG
negative-active,negative-active,frame_001854.PNG
negative-active,negative-active,frame_001855.PNG
negative-active,negative-active,frame_001856.PNG
negative-active,negative-active,frame_001857.PNG
negative-active,negative-active,frame_001858.PNG
negative-active,negative-active,frame_001859.PNG
negative-active,negative-active,frame_001860.PNG
negative-active,negative-active,frame_001861.PNG
negative-active,negative-active,frame_001862.PNG
negative-active,negative-active,frame_001863.PNG
negative-active,negative-active,frame_001864.PNG
negative-active,negative-active,frame_001865.PNG
negative-active,positive-deactive,frame_001866.PNG
negative-active,positive-deactive,frame_001867.PNG
negative-active,positive-deactive,frame_001868.PNG
negative-active,positive-deactive,frame_001869.PNG
negative-active,positive-deactive,frame_001870.PNG
negative-active,positive-deactive,frame_001871.PNG
negative-active,negative-deactive,frame_001872.PNG
negative-active,negative-deactive,frame_001873.PNG
negative-active,negative-deactive,frame_001874.PNG
negative-active,negative-deactive,frame_001875.PNG
negative-active,negative-deactive,frame_001876.PNG
negative-active,positive-deactive,frame_001877.PNG
positive-active,positive-active,frame_001882.PNG
positive-active,positive-active,frame_001883.PNG
positive-active,positive-active,frame_001884.PNG
positive-active,positive-active,frame_001885.PNG
positive-active,positive-active,frame_001886.PNG
positive-active,positive-active,frame_001887.PNG
positive-active,positive-active,frame_001888.PNG
positive-active,positive-active,frame_001889.PNG
positive-active,positive-active,frame_001890.PNG
positive-active,positive-active,frame_001891.PNG
positive-active,positive-active,frame_001892.PNG
positive-active,positive-active,frame_001893.PNG
positive-active,negative-deactive,frame_001894.PNG
positive-active,negative-deactive,frame_001895.PNG
positive-active,negative-deactive,frame_001896.PNG
positive-active,negative-deactive,frame_001897.PNG
positive-active,negative-deactive,frame_001898.PNG
positive-active,negative-deactive,frame_001899.PNG
positive-active,negative-deactive,frame_001900.PNG
positive-active,negative-active,frame_001901.PNG
positive-active,negative-active,frame_001902.PNG
positive-active,positive-active,frame_001903.PNG
positive-active,negative-deactive,frame_001913.PNG
positive-active,negative-deactive,frame_001914.PNG
positive-active,negative-deactive,frame_001915.PNG
positive-active,negative-deactive,frame_001916.PNG
positive-active,negative-deactive,frame_001917.PNG
positive-active,negative-deactive,frame_001918.PNG
positive-active,positive-active,frame_001919.PNG
positive-active,negative-deactive,frame_001925.PNG
positive-active,negative-deactive,frame_001926.PNG
positive-active,negative-deactive,frame_001927.PNG
positive-active,negative-deactive,frame_001928.PNG
positive-active,negative-deactive,frame_001929.PNG
positive-active,negative-deactive,frame_001937.PNG
positive-active,negative-deactive,frame_001938.PNG
positive-active,negative-deactive,frame_001939.PNG
positive-active,negative-deactive,frame_001940.PNG
positive-active,negative-deactive,frame_001941.PNG
positive-active,negative-deactive,frame_001942.PNG
positive-active,negative-deactive,frame_001943.PNG
positive-active,negative-deactive,frame_001944.PNG
positive-active,negative-deactive,frame_001945.PNG
positive-active,negative-deactive,frame_001946.PNG
positive-active,negative-deactive,frame_001947.PNG
positive-active,negative-deactive,frame_001948.PNG
positive-active,negative-deactive,frame_001949.PNG
positive-active,negative-deactive,frame_001950.PNG
positive-active,negative-deactive,frame_001951.PNG
positive-active,negative-deactive,frame_001952.PNG
positive-active,negative-deactive,frame_001953.PNG
positive-active,negative-deactive,frame_001954.PNG
positive-active,negative-deactive,frame_001955.PNG
positive-active,negative-deactive,frame_001956.PNG
positive-active,negative-deactive,frame_001957.PNG
positive-active,negative-deactive,frame_001958.PNG
positive-active,negative-deactive,frame_001959.PNG
positive-active,negative-deactive,frame_001960.PNG
positive-active,negative-deactive,frame_001961.PNG
positive-active,negative-deactive,frame_001962.PNG
positive-active,negative-deactive,frame_001963.PNG
positive-active,negative-deactive,frame_001964.PNG
positive-active,negative-deactive,frame_001965.PNG
positive-active,negative-deactive,frame_001966.PNG
positive-active,negative-deactive,frame_001967.PNG
positive-active,negative-deactive,frame_001968.PNG
positive-active,negative-deactive,frame_001969.PNG
positive-active,negative-deactive,frame_001970.PNG
positive-active,negative-deactive,frame_001975.PNG
positive-active,negative-deactive,frame_001976.PNG
positive-active,negative-deactive,frame_001977.PNG
positive-active,negative-deactive,frame_001978.PNG
positive-active,negative-deactive,frame_001979.PNG
positive-active,negative-deactive,frame_001980.PNG
positive-active,negative-deactive,frame_001981.PNG
positive-active,negative-deactive,frame_001982.PNG
positive-deactive,negative-deactive,frame_001983.PNG
positive-deactive,negative-active,frame_001984.PNG
positive-deactive,negative-active,frame_001985.PNG
positive-deactive,negative-active,frame_001986.PNG
positive-deactive,negative-active,frame_001987.PNG
positive-active,negative-active,frame_001988.PNG
positive-active,negative-active,frame_001989.PNG
positive-active,negative-active,frame_001990.PNG
positive-active,negative-active,frame_001991.PNG
positive-active,negative-deactive,frame_001992.PNG
positive-active,negative-deactive,frame_001993.PNG
positive-active,negative-deactive,frame_002001.PNG
positive-active,negative-deactive,frame_002002.PNG
positive-active,negative-deactive,frame_002003.PNG
positive-active,negative-deactive,frame_002004.PNG
positive-active,negative-deactive,frame_002005.PNG
positive-active,negative-deactive,frame_002006.PNG
positive-active,negative-deactive,frame_002007.PNG
positive-active,negative-deactive,frame_002008.PNG
positive-active,negative-deactive,frame_002009.PNG
positive-active,negative-deactive,frame_002010.PNG
positive-active,negative-deactive,frame_002011.PNG
positive-active,negative-deactive,frame_002012.PNG
positive-active,negative-deactive,frame_002013.PNG
positive-active,negative-deactive,frame_002014.PNG
positive-active,negative-deactive,frame_002015.PNG
positive-active,negative-deactive,frame_002016.PNG
positive-active,negative-deactive,frame_002017.PNG
positive-active,negative-deactive,frame_002018.PNG
positive-active,negative-deactive,frame_002019.PNG
positive-active,negative-deactive,frame_002020.PNG
positive-active,negative-active,frame_002026.PNG
positive-active,negative-active,frame_002027.PNG
positive-active,negative-active,frame_002028.PNG
positive-active,negative-active,frame_002029.PNG
positive-active,negative-active,frame_002030.PNG
positive-active,positive-active,frame_002031.PNG
positive-active,positive-active,frame_002032.PNG
positive-active,positive-active,frame_002033.PNG
positive-active,positive-active,frame_002034.PNG
positive-active,positive-active,frame_002035.PNG
positive-active,negative-active,frame_002036.PNG
positive-active,negative-active,frame_002037.PNG
positive-active,negative-active,frame_002038.PNG
positive-active,negative-active,frame_002039.PNG
positive-active,negative-active,frame_002040.PNG
positive-active,negative-active,frame_002041.PNG
positive-active,negative-active,frame_002042.PNG
positive-active,negative-active,frame_002043.PNG
positive-active,negative-active,frame_002044.PNG
positive-active,negative-active,frame_002045.PNG
positive-active,negative-active,frame_002046.PNG
positive-active,negative-active,frame_002047.PNG
positive-active,negative-active,frame_002048.PNG
positive-active,negative-active,frame_002049.PNG
positive-active,negative-active,frame_002050.PNG
positive-active,negative-active,frame_002051.PNG
positive-active,negative-active,frame_002052.PNG
positive-active,negative-active,frame_002053.PNG
positive-active,negative-active,frame_002054.PNG
positive-active,negative-active,frame_002055.PNG
positive-active,negative-active,frame_002056.PNG
positive-active,negative-active,frame_002057.PNG
positive-active,negative-active,frame_002058.PNG
positive-active,negative-active,frame_002059.PNG
positive-active,negative-active,frame_002060.PNG
positive-active,negative-active,frame_002061.PNG
positive-active,negative-active,frame_002062.PNG
positive-active,negative-active,frame_002063.PNG
positive-active,negative-active,frame_002064.PNG
positive-active,negative-active,frame_002065.PNG
positive-active,negative-active,frame_002066.PNG
positive-active,negative-active,frame_002067.PNG
positive-active,negative-active,frame_002068.PNG
positive-active,negative-active,frame_002069.PNG
positive-active,negative-active,frame_002070.PNG
positive-active,negative-active,frame_002071.PNG
positive-active,negative-active,frame_002072.PNG
positive-active,negative-active,frame_002073.PNG
positive-active,negative-active,frame_002074.PNG
positive-active,negative-deactive,frame_002083.PNG
positive-active,negative-deactive,frame_002084.PNG
positive-active,negative-deactive,frame_002085.PNG
positive-active,negative-deactive,frame_002086.PNG
positive-active,negative-active,frame_002087.PNG
positive-active,negative-active,frame_002088.PNG
positive-active,negative-deactive,frame_002089.PNG
positive-active,negative-deactive,frame_002090.PNG
positive-active,negative-deactive,frame_002091.PNG
positive-active,negative-deactive,frame_002092.PNG
positive-active,negative-deactive,frame_002093.PNG
positive-active,negative-deactive,frame_002094.PNG
positive-active,negative-deactive,frame_002095.PNG
positive-active,negative-deactive,frame_002096.PNG
positive-active,negative-deactive,frame_002097.PNG
positive-active,negative-deactive,frame_002098.PNG
positive-active,negative-deactive,frame_002099.PNG
positive-active,negative-deactive,frame_002100.PNG
positive-active,negative-deactive,frame_002101.PNG
positive-active,negative-deactive,frame_002102.PNG
positive-active,negative-deactive,frame_002103.PNG
positive-active,negative-deactive,frame_002104.PNG
positive-deactive,negative-deactive,frame_002111.PNG
positive-deactive,negative-deactive,frame_002112.PNG
positive-deactive,negative-deactive,frame_002113.PNG
positive-active,negative-deactive,frame_002114.PNG
positive-active,negative-deactive,frame_002115.PNG
positive-active,negative-deactive,frame_002116.PNG
positive-active,negative-deactive,frame_002117.PNG
positive-active,negative-active,frame_002118.PNG
positive-active,negative-active,frame_002119.PNG
positive-active,negative-active,frame_002120.PNG
positive-active,negative-active,frame_002121.PNG
positive-active,negative-active,frame_002122.PNG
positive-active,negative-active,frame_002123.PNG
positive-active,negative-active,frame_002124.PNG
positive-active,negative-active,frame_002125.PNG
positive-active,negative-active,frame_002126.PNG
positive-active,negative-deactive,frame_002127.PNG
positive-active,negative-deactive,frame_002128.PNG
positive-active,negative-deactive,frame_002136.PNG
positive-active,negative-deactive,frame_002137.PNG
positive-active,negative-deactive,frame_002138.PNG
positive-active,negative-deactive,frame_002139.PNG
positive-active,negative-deactive,frame_002140.PNG
positive-active,negative-deactive,frame_002141.PNG
positive-active,negative-deactive,frame_002142.PNG
positive-active,negative-deactive,frame_002143.PNG
positive-active,negative-deactive,frame_002144.PNG
positive-active,negative-deactive,frame_002145.PNG
positive-active,negative-deactive,frame_002146.PNG
positive-active,negative-deactive,frame_002147.PNG
positive-active,negative-deactive,frame_002157.PNG
positive-active,negative-deactive,frame_002158.PNG
positive-active,negative-deactive,frame_002159.PNG
negative-active,negative-deactive,frame_002160.PNG
negative-active,negative-deactive,frame_002161.PNG
negative-active,negative-deactive,frame_002162.PNG
negative-active,negative-deactive,frame_002163.PNG
negative-active,negative-deactive,frame_002164.PNG
negative-active,negative-deactive,frame_002165.PNG
negative-active,negative-deactive,frame_002166.PNG
negative-active,negative-deactive,frame_002167.PNG
negative-active,negative-deactive,frame_002168.PNG
negative-active,negative-deactive,frame_002169.PNG
negative-active,negative-deactive,frame_002170.PNG
negative-active,negative-deactive,frame_002171.PNG
negative-active,negative-deactive,frame_002172.PNG
negative-active,negative-deactive,frame_002173.PNG
negative-active,negative-deactive,frame_002174.PNG
negative-active,negative-deactive,frame_002175.PNG
negative-active,negative-deactive,frame_002176.PNG
negative-active,negative-deactive,frame_002177.PNG
negative-active,negative-deactive,frame_002178.PNG
negative-active,negative-deactive,frame_002179.PNG
negative-active,negative-deactive,frame_002180.PNG
negative-active,negative-deactive,frame_002181.PNG
negative-active,negative-deactive,frame_002182.PNG
negative-active,negative-deactive,frame_002183.PNG
negative-active,negative-deactive,frame_002184.PNG
negative-active,negative-deactive,frame_002185.PNG
negative-active,negative-deactive,frame_002186.PNG
negative-active,negative-deactive,frame_002187.PNG
negative-active,negative-deactive,frame_002188.PNG
negative-deactive,negative-active,frame_002192.PNG
negative-deactive,negative-active,frame_002193.PNG
negative-deactive,negative-active,frame_002194.PNG
negative-deactive,negative-active,frame_002195.PNG
negative-deactive,negative-deactive,frame_002196.PNG
negative-deactive,negative-deactive,frame_002197.PNG
negative-deactive,negative-deactive,frame_002198.PNG
negative-deactive,negative-deactive,frame_002199.PNG
negative-deactive,negative-deactive,frame_002200.PNG
negative-deactive,negative-deactive,frame_002201.PNG
negative-deactive,negative-deactive,frame_002202.PNG
negative-deactive,negative-deactive,frame_002203.PNG
negative-deactive,negative-deactive,frame_002204.PNG
negative-deactive,negative-deactive,frame_002205.PNG
negative-deactive,negative-active,frame_002206.PNG
negative-deactive,negative-active,frame_002207.PNG
negative-active,negative-active,frame_002208.PNG
negative-active,negative-active,frame_002209.PNG
negative-active,negative-active,frame_002210.PNG
negative-active,negative-active,frame_002211.PNG
negative-active,negative-active,frame_002212.PNG
negative-active,negative-active,frame_002213.PNG
negative-active,negative-active,frame_002214.PNG
negative-active,negative-active,frame_002215.PNG
negative-active,negative-active,frame_002216.PNG
negative-active,negative-active,frame_002217.PNG
positive-active,negative-deactive,frame_002225.PNG
positive-active,negative-deactive,frame_002226.PNG
positive-active,negative-deactive,frame_002227.PNG
positive-deactive,negative-deactive,frame_002232.PNG
positive-deactive,negative-deactive,frame_002233.PNG
positive-deactive,negative-deactive,frame_002234.PNG
positive-deactive,negative-deactive,frame_002235.PNG
positive-deactive,negative-active,frame_002236.PNG
positive-active,negative-active,frame_002237.PNG
positive-active,positive-active,frame_002238.PNG
positive-active,positive-active,frame_002239.PNG
positive-active,positive-active,frame_002240.PNG
positive-active,positive-active,frame_002241.PNG
positive-active,positive-active,frame_002242.PNG
negative-active,positive-active,frame_002243.PNG
negative-active,positive-active,frame_002244.PNG
negative-active,positive-active,frame_002245.PNG
negative-active,positive-active,frame_002246.PNG
negative-active,positive-active,frame_002247.PNG
negative-active,positive-active,frame_002248.PNG
negative-active,positive-active,frame_002249.PNG
negative-active,positive-active,frame_002250.PNG
negative-active,positive-active,frame_002251.PNG
negative-active,positive-active,frame_002252.PNG
negative-active,positive-active,frame_002253.PNG
negative-active,positive-active,frame_002254.PNG
negative-active,positive-active,frame_002255.PNG
negative-active,positive-active,frame_002256.PNG
negative-active,positive-active,frame_002257.PNG
negative-active,positive-active,frame_002258.PNG
negative-active,positive-active,frame_002259.PNG
positive-deactive,negative-active,frame_002265.PNG
positive-deactive,negative-deactive,frame_002266.PNG
positive-deactive,negative-deactive,frame_002267.PNG
positive-deactive,negative-deactive,frame_002268.PNG
positive-deactive,negative-deactive,frame_002269.PNG
positive-deactive,negative-deactive,frame_002270.PNG
positive-deactive,negative-deactive,frame_002271.PNG
positive-deactive,negative-deactive,frame_002272.PNG
positive-deactive,negative-deactive,frame_002273.PNG
positive-active,negative-deactive,frame_002274.PNG
positive-active,negative-deactive,frame_002275.PNG
positive-active,negative-active,frame_002276.PNG
positive-active,negative-active,frame_002277.PNG
positive-active,negative-active,frame_002278.PNG
negative-active,negative-active,frame_002282.PNG
negative-active,negative-active,frame_002283.PNG
negative-active,negative-active,frame_002284.PNG
negative-active,negative-active,frame_002285.PNG
negative-active,negative-active,frame_002286.PNG
negative-active,negative-active,frame_002287.PNG
negative-active,negative-active,frame_002288.PNG
negative-active,negative-active,frame_002289.PNG
negative-active,negative-active,frame_002290.PNG
negative-active,negative-active,frame_002291.PNG
negative-active,negative-active,frame_002292.PNG
negative-active,negative-active,frame_002293.PNG
negative-active,negative-active,frame_002294.PNG
negative-active,negative-active,frame_002295.PNG
negative-active,negative-active,frame_002296.PNG
negative-active,negative-active,frame_002297.PNG
negative-active,negative-active,frame_002298.PNG
negative-active,negative-active,frame_002299.PNG
negative-active,negative-active,frame_002300.PNG
negative-active,negative-active,frame_002301.PNG
negative-active,negative-active,frame_002302.PNG
negative-active,negative-active,frame_002303.PNG
negative-active,negative-active,frame_002304.PNG
negative-active,negative-active,frame_002305.PNG
negative-active,negative-active,frame_002306.PNG
negative-active,negative-active,frame_002307.PNG
negative-active,negative-active,frame_002308.PNG
negative-active,negative-active,frame_002309.PNG
negative-active,negative-active,frame_002310.PNG
negative-active,negative-active,frame_002311.PNG
negative-active,negative-active,frame_002312.PNG
negative-active,negative-active,frame_002313.PNG
negative-active,negative-active,frame_002314.PNG
negative-active,negative-active,frame_002315.PNG
negative-active,negative-active,frame_002316.PNG
negative-active,negative-active,frame_002317.PNG
negative-active,negative-active,frame_002318.PNG
negative-active,negative-active,frame_002319.PNG
positive-active,negative-active,frame_002320.PNG
positive-active,negative-active,frame_002321.PNG
positive-active,negative-active,frame_002322.PNG
positive-active,negative-active,frame_002323.PNG
positive-active,negative-active,frame_002324.PNG
positive-active,negative-active,frame_002325.PNG
positive-active,positive-active,frame_002326.PNG
positive-active,positive-active,frame_002327.PNG
positive-active,positive-active,frame_002328.PNG
positive-active,positive-active,frame_002329.PNG
positive-active,positive-active,frame_002330.PNG
positive-active,positive-active,frame_002331.PNG
positive-active,positive-active,frame_002332.PNG
positive-active,positive-active,frame_002333.PNG
positive-active,positive-active,frame_002334.PNG
positive-active,positive-active,frame_002335.PNG
positive-active,positive-active,frame_002336.PNG
positive-active,positive-active,frame_002337.PNG
positive-active,positive-active,frame_002338.PNG
positive-active,positive-active,frame_002339.PNG
positive-active,positive-active,frame_002340.PNG
positive-active,positive-active,frame_002341.PNG
positive-active,neutral,frame_002351.PNG
positive-active,neutral,frame_002352.PNG
positive-active,neutral,frame_002353.PNG
positive-active,neutral,frame_002354.PNG
positive-active,neutral,frame_002355.PNG
positive-active,neutral,frame_002356.PNG
positive-active,negative-deactive,frame_002357.PNG
positive-active,negative-deactive,frame_002366.PNG
positive-active,negative-deactive,frame_002367.PNG
positive-active,negative-deactive,frame_002368.PNG
positive-active,negative-active,frame_002369.PNG
positive-active,negative-active,frame_002370.PNG
positive-active,negative-active,frame_002371.PNG
positive-active,negative-active,frame_002372.PNG
positive-active,negative-active,frame_002373.PNG
positive-active,negative-active,frame_002374.PNG
positive-active,negative-active,frame_002375.PNG
positive-active,negative-active,frame_002376.PNG
positive-active,negative-active,frame_002377.PNG
positive-active,negative-active,frame_002378.PNG
positive-active,negative-active,frame_002379.PNG
positive-active,negative-active,frame_002380.PNG
positive-active,negative-active,frame_002381.PNG
positive-active,positive-deactive,frame_002382.PNG
positive-active,positive-deactive,frame_002383.PNG
positive-active,positive-deactive,frame_002384.PNG
positive-active,positive-deactive,frame_002385.PNG
positive-active,positive-deactive,frame_002386.PNG
positive-active,negative-deactive,frame_002387.PNG
negative-active,negative-deactive,frame_002393.PNG
negative-active,negative-deactive,frame_002394.PNG
negative-active,negative-deactive,frame_002395.PNG
negative-active,negative-deactive,frame_002396.PNG
negative-active,negative-deactive,frame_002397.PNG
negative-active,negative-deactive,frame_002398.PNG
negative-active,negative-deactive,frame_002399.PNG
negative-active,negative-deactive,frame_002400.PNG
negative-deactive,negative-deactive,frame_002409.PNG
negative-deactive,negative-deactive,frame_002410.PNG
negative-active,negative-deactive,frame_002411.PNG
neutral,negative-deactive,frame_002412.PNG
neutral,negative-deactive,frame_002413.PNG
positive-active,negative-deactive,frame_002414.PNG
positive-active,negative-deactive,frame_002415.PNG
positive-active,positive-active,frame_002416.PNG
positive-active,positive-active,frame_002417.PNG
positive-active,positive-active,frame_002418.PNG
positive-active,positive-active,frame_002419.PNG
positive-active,positive-active,frame_002420.PNG
positive-active,positive-active,frame_002421.PNG
positive-active,negative-deactive,frame_002422.PNG
positive-deactive,negative-active,frame_002430.PNG
positive-active,negative-active,frame_002431.PNG
positive-active,negative-active,frame_002432.PNG
positive-active,negative-active,frame_002433.PNG
positive-active,negative-active,frame_002434.PNG
positive-active,negative-active,frame_002435.PNG
positive-active,negative-active,frame_002436.PNG
positive-active,negative-active,frame_002437.PNG
positive-active,negative-active,frame_002438.PNG
positive-active,negative-active,frame_002439.PNG
positive-active,negative-active,frame_002440.PNG
positive-active,negative-active,frame_002441.PNG
positive-active,negative-active,frame_002442.PNG
positive-active,negative-active,frame_002443.PNG
positive-active,negative-deactive,frame_002444.PNG
positive-active,negative-deactive,frame_002445.PNG
positive-active,negative-deactive,frame_002446.PNG
positive-active,negative-deactive,frame_002447.PNG
positive-active,negative-deactive,frame_002448.PNG
positive-active,negative-deactive,frame_002449.PNG
positive-active,negative-deactive,frame_002450.PNG
positive-active,negative-deactive,frame_002451.PNG
positive-active,negative-deactive,frame_002452.PNG
positive-active,negative-deactive,frame_002453.PNG
positive-active,negative-deactive,frame_002454.PNG
positive-active,negative-deactive,frame_002455.PNG
positive-active,negative-deactive,frame_002456.PNG
positive-active,negative-deactive,frame_002457.PNG
positive-active,negative-deactive,frame_002458.PNG
positive-active,positive-active,frame_002466.PNG
positive-active,positive-active,frame_002467.PNG
positive-active,positive-active,frame_002468.PNG
positive-active,negative-deactive,frame_002469.PNG
positive-active,negative-deactive,frame_002477.PNG
positive-active,negative-deactive,frame_002478.PNG
positive-active,negative-deactive,frame_002479.PNG
positive-active,negative-deactive,frame_002480.PNG
positive-active,negative-deactive,frame_002481.PNG
positive-active,negative-deactive,frame_002482.PNG
positive-active,negative-deactive,frame_002483.PNG
neutral,negative-deactive,frame_002492.PNG
neutral,negative-deactive,frame_002493.PNG
positive-deactive,negative-deactive,frame_002494.PNG
positive-deactive,negative-deactive,frame_002495.PNG
positive-deactive,negative-deactive,frame_002496.PNG
positive-deactive,negative-deactive,frame_002497.PNG
positive-deactive,positive-active,frame_002498.PNG
positive-active,positive-active,frame_002499.PNG
positive-active,positive-active,frame_002500.PNG
positive-active,positive-active,frame_002501.PNG
positive-active,negative-deactive,frame_002502.PNG
positive-active,negative-deactive,frame_002503.PNG
positive-active,negative-active,frame_002504.PNG
positive-active,positive-active,frame_002505.PNG
positive-active,positive-active,frame_002506.PNG
positive-active,positive-active,frame_002507.PNG
positive-active,positive-active,frame_002508.PNG
positive-active,positive-active,frame_002509.PNG
positive-active,positive-active,frame_002510.PNG
positive-active,positive-active,frame_002511.PNG
positive-active,positive-active,frame_002512.PNG
positive-active,positive-active,frame_002513.PNG
positive-active,negative-deactive,frame_002530.PNG
positive-active,negative-deactive,frame_002531.PNG
positive-deactive,negative-deactive,frame_002548.PNG
positive-deactive,negative-deactive,frame_002549.PNG
positive-deactive,negative-deactive,frame_002550.PNG
positive-deactive,negative-deactive,frame_002551.PNG
positive-deactive,negative-active,frame_002552.PNG
positive-deactive,negative-active,frame_002553.PNG
positive-active,negative-active,frame_002560.PNG
positive-active,negative-active,frame_002561.PNG
positive-active,negative-active,frame_002562.PNG
positive-active,negative-active,frame_002563.PNG
positive-active,negative-active,frame_002564.PNG
positive-active,negative-active,frame_002565.PNG
positive-active,negative-active,frame_002566.PNG
positive-active,negative-active,frame_002567.PNG
positive-active,negative-active,frame_002568.PNG
positive-active,negative-active,frame_002569.PNG
positive-active,negative-active,frame_002570.PNG
positive-active,negative-active,frame_002571.PNG
positive-active,negative-active,frame_002572.PNG
positive-active,negative-active,frame_002573.PNG
positive-active,negative-active,frame_002574.PNG
positive-active,negative-active,frame_002575.PNG
positive-active,negative-active,frame_002576.PNG
positive-active,negative-active,frame_002577.PNG
positive-active,negative-active,frame_002578.PNG
positive-active,negative-active,frame_002579.PNG
positive-active,positive-deactive,frame_002580.PNG
positive-active,positive-deactive,frame_002581.PNG
positive-active,positive-deactive,frame_002582.PNG
positive-active,positive-deactive,frame_002583.PNG
positive-active,positive-deactive,frame_002584.PNG
positive-active,positive-deactive,frame_002585.PNG
positive-active,positive-deactive,frame_002586.PNG
positive-active,negative-deactive,frame_002587.PNG
positive-active,negative-deactive,frame_002588.PNG
neutral,negative-deactive,frame_002596.PNG
neutral,negative-deactive,frame_002597.PNG
neutral,negative-deactive,frame_002598.PNG
neutral,negative-deactive,frame_002599.PNG
neutral,negative-deactive,frame_002600.PNG
neutral,negative-deactive,frame_002601.PNG
neutral,negative-deactive,frame_002602.PNG
positive-active,negative-active,frame_002603.PNG
positive-active,negative-active,frame_002604.PNG
positive-active,negative-active,frame_002605.PNG
positive-active,negative-active,frame_002606.PNG
positive-active,negative-active,frame_002607.PNG
positive-active,negative-active,frame_002608.PNG
positive-active,negative-active,frame_002609.PNG
positive-active,negative-active,frame_002610.PNG
positive-active,negative-active,frame_002611.PNG
positive-active,negative-active,frame_002612.PNG
positive-active,negative-active,frame_002613.PNG
positive-active,negative-active,frame_002614.PNG
positive-active,negative-active,frame_002615.PNG
positive-active,negative-active,frame_002616.PNG
positive-active,negative-active,frame_002617.PNG
positive-active,negative-active,frame_002618.PNG
positive-active,negative-active,frame_002619.PNG
positive-active,negative-deactive,frame_002620.PNG
positive-active,negative-deactive,frame_002621.PNG
negative-deactive,negative-deactive,frame_002622.PNG
negative-deactive,negative-deactive,frame_002623.PNG
negative-deactive,negative-deactive,frame_002624.PNG
negative-deactive,negative-deactive,frame_002625.PNG
negative-deactive,negative-deactive,frame_002626.PNG
negative-deactive,negative-deactive,frame_002627.PNG
negative-deactive,negative-deactive,frame_002628.PNG
negative-deactive,negative-deactive,frame_002629.PNG
negative-deactive,negative-deactive,frame_002630.PNG
negative-deactive,negative-deactive,frame_002631.PNG
negative-deactive,negative-deactive,frame_002632.PNG
negative-deactive,negative-deactive,frame_002633.PNG
negative-deactive,negative-deactive,frame_002634.PNG
negative-deactive,negative-deactive,frame_002635.PNG
negative-deactive,negative-deactive,frame_002636.PNG
negative-deactive,negative-deactive,frame_002643.PNG
negative-deactive,negative-deactive,frame_002644.PNG
negative-deactive,negative-deactive,frame_002645.PNG
negative-deactive,negative-deactive,frame_002646.PNG
negative-deactive,negative-deactive,frame_002647.PNG
negative-deactive,negative-deactive,frame_002648.PNG
negative-deactive,negative-deactive,frame_002649.PNG
negative-deactive,negative-deactive,frame_002650.PNG
positive-active,negative-deactive,frame_002651.PNG
positive-active,negative-deactive,frame_002652.PNG
positive-active,negative-deactive,frame_002653.PNG
positive-active,negative-deactive,frame_002654.PNG
positive-active,negative-deactive,frame_002655.PNG
positive-active,negative-deactive,frame_002656.PNG
positive-active,negative-deactive,frame_002657.PNG
positive-active,negative-active,frame_002658.PNG
positive-active,negative-active,frame_002659.PNG
positive-active,negative-active,frame_002660.PNG
positive-active,negative-active,frame_002661.PNG
positive-active,negative-active,frame_002662.PNG
negative-deactive,neutral,frame_002669.PNG
negative-deactive,negative-deactive,frame_002670.PNG
negative-deactive,negative-deactive,frame_002671.PNG
negative-deactive,negative-deactive,frame_002672.PNG
negative-deactive,negative-deactive,frame_002673.PNG
positive-active,negative-deactive,frame_002674.PNG
positive-active,negative-deactive,frame_002675.PNG
positive-deactive,negative-active,frame_002681.PNG
positive-deactive,negative-active,frame_002682.PNG
positive-deactive,negative-active,frame_002683.PNG
positive-deactive,negative-active,frame_002684.PNG
positive-deactive,negative-active,frame_002685.PNG
positive-active,negative-active,frame_002686.PNG
positive-active,negative-active,frame_002687.PNG
positive-active,negative-active,frame_002688.PNG
positive-active,negative-active,frame_002689.PNG
positive-active,negative-active,frame_002690.PNG
positive-active,negative-active,frame_002691.PNG
positive-active,negative-deactive,frame_002692.PNG
positive-active,negative-deactive,frame_002693.PNG
positive-active,negative-deactive,frame_002694.PNG
positive-active,negative-deactive,frame_002695.PNG
positive-active,negative-deactive,frame_002696.PNG
positive-active,negative-deactive,frame_002697.PNG
positive-active,neutral,frame_002698.PNG
positive-active,neutral,frame_002699.PNG
positive-active,neutral,frame_002700.PNG
positive-active,neutral,frame_002701.PNG
positive-active,negative-active,frame_002702.PNG
positive-active,negative-active,frame_002703.PNG
positive-active,negative-active,frame_002704.PNG
positive-active,neutral,frame_002705.PNG
negative-deactive,negative-deactive,frame_002706.PNG
negative-deactive,negative-deactive,frame_002707.PNG
negative-deactive,negative-deactive,frame_002708.PNG
neutral,negative-deactive,frame_002715.PNG
neutral,negative-deactive,frame_002716.PNG
negative-deactive,negative-deactive,frame_002717.PNG
negative-deactive,negative-deactive,frame_002718.PNG
negative-deactive,negative-deactive,frame_002719.PNG
negative-deactive,negative-deactive,frame_002720.PNG
negative-deactive,negative-deactive,frame_002721.PNG
negative-deactive,negative-deactive,frame_002722.PNG
negative-deactive,negative-deactive,frame_002723.PNG
negative-deactive,negative-deactive,frame_002724.PNG
negative-deactive,negative-deactive,frame_002725.PNG
positive-active,negative-deactive,frame_002726.PNG
positive-active,negative-deactive,frame_002727.PNG
positive-active,negative-deactive,frame_002728.PNG
positive-active,negative-deactive,frame_002729.PNG
positive-active,negative-deactive,frame_002730.PNG
positive-active,negative-deactive,frame_002731.PNG
positive-active,negative-deactive,frame_002732.PNG
positive-active,negative-deactive,frame_002733.PNG
positive-active,negative-deactive,frame_002734.PNG
positive-active,negative-deactive,frame_002735.PNG
positive-active,negative-deactive,frame_002736.PNG
positive-active,negative-deactive,frame_002737.PNG
positive-active,negative-deactive,frame_002738.PNG
negative-deactive,negative-deactive,frame_002739.PNG
negative-deactive,negative-deactive,frame_002740.PNG
negative-deactive,negative-deactive,frame_002741.PNG
negative-deactive,negative-deactive,frame_002742.PNG
negative-deactive,negative-deactive,frame_002743.PNG
negative-deactive,negative-deactive,frame_002744.PNG
negative-deactive,negative-deactive,frame_002745.PNG
positive-active,neutral,frame_002768.PNG
positive-active,positive-deactive,frame_002769.PNG
positive-active,negative-active,frame_002770.PNG
positive-active,negative-active,frame_002771.PNG
positive-active,negative-active,frame_002772.PNG
positive-active,negative-active,frame_002773.PNG
positive-active,negative-active,frame_002774.PNG
positive-active,negative-active,frame_002775.PNG
positive-active,negative-active,frame_002776.PNG
positive-active,negative-deactive,frame_002777.PNG
positive-active,negative-deactive,frame_002778.PNG
positive-active,negative-deactive,frame_002779.PNG
positive-active,negative-deactive,frame_002780.PNG
positive-active,negative-deactive,frame_002781.PNG
positive-active,negative-deactive,frame_002782.PNG
positive-active,negative-deactive,frame_002783.PNG
positive-active,negative-deactive,frame_002784.PNG
positive-active,negative-deactive,frame_002785.PNG
negative-deactive,negative-active,frame_002786.PNG
negative-deactive,negative-deactive,frame_002788.PNG
negative-deactive,negative-deactive,frame_002789.PNG
negative-deactive,negative-deactive,frame_002790.PNG
negative-deactive,negative-deactive,frame_002791.PNG
negative-deactive,negative-deactive,frame_002792.PNG
negative-deactive,negative-deactive,frame_002793.PNG
negative-deactive,negative-deactive,frame_002794.PNG
negative-deactive,negative-deactive,frame_002795.PNG
negative-deactive,negative-deactive,frame_002796.PNG
negative-deactive,negative-deactive,frame_002797.PNG
negative-deactive,negative-deactive,frame_002798.PNG
negative-deactive,negative-deactive,frame_002799.PNG
negative-deactive,negative-deactive,frame_002800.PNG
negative-deactive,negative-deactive,frame_002801.PNG
negative-deactive,negative-deactive,frame_002802.PNG
negative-deactive,negative-deactive,frame_002803.PNG
neutral,negative-deactive,frame_002810.PNG
neutral,negative-deactive,frame_002811.PNG
neutral,negative-deactive,frame_002812.PNG
neutral,negative-deactive,frame_002813.PNG
neutral,negative-deactive,frame_002814.PNG
neutral,negative-deactive,frame_002815.PNG
negative-deactive,negative-deactive,frame_002816.PNG
negative-deactive,negative-deactive,frame_002817.PNG
negative-deactive,negative-deactive,frame_002818.PNG
negative-deactive,negative-deactive,frame_002819.PNG
negative-deactive,negative-deactive,frame_002820.PNG
negative-deactive,negative-deactive,frame_002821.PNG
negative-deactive,negative-deactive,frame_002822.PNG
negative-deactive,negative-deactive,frame_002823.PNG
negative-deactive,negative-deactive,frame_002824.PNG
negative-deactive,negative-deactive,frame_002825.PNG
negative-deactive,negative-deactive,frame_002826.PNG
negative-deactive,negative-deactive,frame_002827.PNG
negative-deactive,negative-deactive,frame_002828.PNG
negative-deactive,negative-deactive,frame_002829.PNG
negative-deactive,negative-deactive,frame_002830.PNG
negative-deactive,negative-deactive,frame_002831.PNG
negative-deactive,negative-deactive,frame_002832.PNG
negative-deactive,negative-deactive,frame_002833.PNG
negative-deactive,negative-deactive,frame_002834.PNG
negative-deactive,negative-deactive,frame_002835.PNG
negative-deactive,negative-deactive,frame_002836.PNG
negative-deactive,negative-deactive,frame_002837.PNG
negative-deactive,negative-deactive,frame_002838.PNG
negative-deactive,negative-deactive,frame_002839.PNG
negative-deactive,negative-deactive,frame_002840.PNG
negative-deactive,negative-deactive,frame_002841.PNG
negative-deactive,negative-deactive,frame_002842.PNG
negative-deactive,negative-deactive,frame_002843.PNG
negative-deactive,negative-deactive,frame_002844.PNG
negative-deactive,negative-deactive,frame_002845.PNG
negative-deactive,negative-deactive,frame_002846.PNG
negative-deactive,negative-deactive,frame_002847.PNG
negative-deactive,negative-deactive,frame_002848.PNG
negative-deactive,negative-deactive,frame_002849.PNG
negative-deactive,negative-deactive,frame_002850.PNG
negative-deactive,negative-deactive,frame_002851.PNG
negative-deactive,negative-deactive,frame_002872.PNG
negative-deactive,negative-deactive,frame_002873.PNG
negative-deactive,negative-deactive,frame_002874.PNG
negative-deactive,negative-deactive,frame_002875.PNG
negative-deactive,negative-deactive,frame_002876.PNG
negative-deactive,negative-deactive,frame_002877.PNG
positive-deactive,negative-deactive,frame_002878.PNG
positive-deactive,negative-deactive,frame_002879.PNG
positive-deactive,negative-deactive,frame_002880.PNG
positive-deactive,negative-deactive,frame_002881.PNG
positive-deactive,negative-deactive,frame_002882.PNG
positive-deactive,negative-deactive,frame_002883.PNG
positive-deactive,negative-deactive,frame_002884.PNG
positive-deactive,negative-deactive,frame_002885.PNG
negative-deactive,negative-deactive,frame_002886.PNG
negative-deactive,negative-deactive,frame_002887.PNG
negative-deactive,negative-deactive,frame_002888.PNG
negative-deactive,negative-deactive,frame_002889.PNG
negative-deactive,negative-deactive,frame_002890.PNG
negative-deactive,negative-deactive,frame_002891.PNG
negative-deactive,negative-deactive,frame_002892.PNG
negative-deactive,negative-deactive,frame_002893.PNG
negative-deactive,negative-deactive,frame_002894.PNG
negative-deactive,negative-deactive,frame_002895.PNG
negative-deactive,negative-deactive,frame_002896.PNG
negative-deactive,negative-deactive,frame_002897.PNG
positive-active,negative-deactive,frame_002898.PNG
positive-active,negative-deactive,frame_002899.PNG
positive-active,negative-deactive,frame_002900.PNG
positive-active,negative-deactive,frame_002901.PNG
positive-active,negative-deactive,frame_002902.PNG
positive-active,negative-deactive,frame_002903.PNG
positive-active,negative-deactive,frame_002904.PNG
positive-active,negative-deactive,frame_002905.PNG
positive-active,negative-deactive,frame_002906.PNG
positive-active,negative-deactive,frame_002907.PNG
positive-active,negative-deactive,frame_002908.PNG
negative-deactive,negative-deactive,frame_002909.PNG
negative-deactive,negative-deactive,frame_002910.PNG
negative-deactive,negative-deactive,frame_002911.PNG
negative-deactive,negative-deactive,frame_002912.PNG
negative-deactive,negative-deactive,frame_002913.PNG
negative-deactive,negative-deactive,frame_002914.PNG
negative-deactive,negative-deactive,frame_002915.PNG
negative-deactive,negative-deactive,frame_002925.PNG
negative-deactive,negative-active,frame_002926.PNG
negative-deactive,negative-active,frame_002927.PNG
negative-deactive,negative-active,frame_002928.PNG
negative-deactive,negative-active,frame_002929.PNG
positive-deactive,negative-deactive,frame_002969.PNG
positive-deactive,negative-deactive,frame_002970.PNG
positive-deactive,negative-deactive,frame_002971.PNG
positive-deactive,negative-deactive,frame_002972.PNG
positive-deactive,negative-deactive,frame_002973.PNG
positive-deactive,negative-deactive,frame_002974.PNG
positive-deactive,negative-deactive,frame_002975.PNG
negative-deactive,negative-deactive,frame_002976.PNG
negative-deactive,negative-deactive,frame_002977.PNG
negative-deactive,negative-deactive,frame_002978.PNG
negative-deactive,negative-deactive,frame_002979.PNG
negative-deactive,negative-deactive,frame_002980.PNG
negative-deactive,negative-deactive,frame_002981.PNG
negative-deactive,negative-deactive,frame_002982.PNG
negative-deactive,negative-deactive,frame_002983.PNG
negative-deactive,negative-deactive,frame_002984.PNG
negative-deactive,negative-deactive,frame_002985.PNG
negative-deactive,negative-deactive,frame_002986.PNG
negative-deactive,negative-deactive,frame_002987.PNG
negative-deactive,negative-deactive,frame_002988.PNG
negative-deactive,negative-deactive,frame_002989.PNG
negative-deactive,negative-deactive,frame_003000.PNG
negative-deactive,negative-deactive,frame_003001.PNG
negative-deactive,negative-deactive,frame_003002.PNG
negative-deactive,negative-deactive,frame_003003.PNG
positive-active,negative-deactive,frame_003006.PNG
positive-active,negative-deactive,frame_003007.PNG
positive-active,negative-deactive,frame_003008.PNG
positive-active,negative-active,frame_003014.PNG
positive-active,negative-active,frame_003015.PNG
positive-active,negative-active,frame_003022.PNG
positive-active,negative-active,frame_003023.PNG
positive-active,negative-active,frame_003024.PNG
positive-active,negative-active,frame_003025.PNG
negative-active,negative-active,frame_003027.PNG
negative-active,negative-active,frame_003028.PNG
negative-deactive,negative-active,frame_003029.PNG
negative-deactive,negative-active,frame_003030.PNG
negative-deactive,negative-active,frame_003031.PNG
negative-deactive,negative-active,frame_003032.PNG
negative-deactive,negative-active,frame_003033.PNG
negative-active,negative-active,frame_003039.PNG
negative-active,negative-active,frame_003040.PNG
negative-active,negative-active,frame_003041.PNG
negative-deactive,negative-active,frame_003042.PNG
negative-deactive,negative-active,frame_003043.PNG
negative-deactive,negative-deactive,frame_003044.PNG
negative-deactive,negative-deactive,frame_003045.PNG
negative-deactive,positive-active,frame_003046.PNG
negative-deactive,positive-active,frame_003047.PNG
positive-deactive,positive-active,frame_003048.PNG
positive-deactive,positive-active,frame_003049.PNG
positive-deactive,positive-active,frame_003050.PNG
negative-deactive,positive-active,frame_003053.PNG
negative-active,positive-active,frame_003054.PNG
negative-active,positive-active,frame_003055.PNG
negative-active,negative-deactive,frame_003056.PNG
negative-active,negative-deactive,frame_003057.PNG
negative-deactive,negative-deactive,frame_003058.PNG
negative-deactive,negative-deactive,frame_003059.PNG
negative-deactive,negative-deactive,frame_003060.PNG
negative-deactive,negative-deactive,frame_003061.PNG
negative-deactive,negative-deactive,frame_003062.PNG
negative-deactive,negative-deactive,frame_003063.PNG
negative-deactive,negative-deactive,frame_003064.PNG
negative-deactive,negative-active,frame_003065.PNG
negative-deactive,negative-active,frame_003066.PNG
negative-deactive,negative-active,frame_003067.PNG
negative-deactive,negative-deactive,frame_003068.PNG
negative-deactive,negative-deactive,frame_003069.PNG
negative-deactive,negative-deactive,frame_003070.PNG
negative-deactive,negative-deactive,frame_003071.PNG
negative-deactive,negative-deactive,frame_003072.PNG
negative-deactive,negative-deactive,frame_003073.PNG
negative-deactive,negative-deactive,frame_003074.PNG
negative-active,negative-deactive,frame_003075.PNG
negative-active,negative-active,frame_003076.PNG
negative-active,negative-active,frame_003077.PNG
negative-active,negative-active,frame_003078.PNG
negative-active,negative-active,frame_003079.PNG
negative-active,negative-active,frame_003080.PNG
negative-active,negative-active,frame_003081.PNG
negative-active,negative-deactive,frame_003082.PNG
negative-active,negative-deactive,frame_003083.PNG
negative-active,negative-deactive,frame_003084.PNG
negative-active,negative-deactive,frame_003085.PNG
positive-active,negative-deactive,frame_003086.PNG
positive-active,negative-deactive,frame_003087.PNG
positive-active,negative-deactive,frame_003088.PNG
positive-active,negative-deactive,frame_003089.PNG
positive-active,negative-deactive,frame_003090.PNG
positive-active,negative-deactive,frame_003091.PNG
positive-active,negative-active,frame_003092.PNG
positive-active,negative-active,frame_003093.PNG
negative-active,negative-deactive,frame_003110.PNG
negative-active,negative-deactive,frame_003111.PNG
negative-active,negative-deactive,frame_003112.PNG
negative-active,negative-deactive,frame_003113.PNG
negative-active,negative-deactive,frame_003114.PNG
negative-active,negative-deactive,frame_003115.PNG
negative-active,negative-deactive,frame_003116.PNG
negative-active,negative-deactive,frame_003117.PNG
negative-active,negative-deactive,frame_003118.PNG
negative-deactive,negative-deactive,frame_003119.PNG
negative-deactive,negative-deactive,frame_003120.PNG
negative-deactive,negative-deactive,frame_003121.PNG
negative-deactive,negative-deactive,frame_003122.PNG
negative-deactive,negative-deactive,frame_003123.PNG
negative-deactive,negative-deactive,frame_003124.PNG
negative-deactive,negative-deactive,frame_003125.PNG
negative-deactive,negative-deactive,frame_003126.PNG
negative-deactive,negative-deactive,frame_003127.PNG
negative-deactive,negative-deactive,frame_003128.PNG
negative-deactive,negative-deactive,frame_003129.PNG
negative-active,negative-deactive,frame_003130.PNG
negative-active,negative-deactive,frame_003131.PNG
negative-active,negative-deactive,frame_003132.PNG
negative-active,negative-deactive,frame_003133.PNG
negative-active,negative-deactive,frame_003134.PNG
negative-active,negative-deactive,frame_003135.PNG
negative-active,negative-active,frame_003143.PNG
neutral,negative-deactive,frame_003148.PNG
positive-active,negative-deactive,frame_003150.PNG
positive-active,negative-deactive,frame_003151.PNG
positive-active,negative-deactive,frame_003152.PNG
positive-active,negative-deactive,frame_003153.PNG
negative-active,negative-deactive,frame_003160.PNG
negative-active,negative-deactive,frame_003161.PNG
negative-active,negative-deactive,frame_003162.PNG
positive-active,negative-active,frame_003188.PNG
positive-active,negative-active,frame_003189.PNG
positive-active,negative-active,frame_003190.PNG
positive-active,negative-active,frame_003191.PNG
negative-deactive,negative-deactive,frame_003197.PNG
negative-deactive,negative-deactive,frame_003198.PNG
negative-deactive,negative-deactive,frame_003199.PNG
negative-deactive,negative-deactive,frame_003200.PNG
negative-deactive,negative-deactive,frame_003201.PNG
negative-active,negative-deactive,frame_003202.PNG
negative-active,negative-deactive,frame_003203.PNG
negative-active,negative-deactive,frame_003204.PNG
negative-active,negative-deactive,frame_003205.PNG
negative-active,negative-deactive,frame_003206.PNG
negative-active,negative-deactive,frame_003207.PNG
negative-active,negative-deactive,frame_003208.PNG
negative-active,negative-deactive,frame_003209.PNG
negative-active,negative-deactive,frame_003210.PNG
positive-deactive,negative-deactive,frame_003211.PNG
positive-active,negative-deactive,frame_003215.PNG
positive-active,negative-deactive,frame_003216.PNG
positive-active,negative-deactive,frame_003217.PNG
positive-active,negative-deactive,frame_003218.PNG
positive-active,negative-deactive,frame_003219.PNG
positive-active,negative-deactive,frame_003220.PNG
positive-deactive,negative-deactive,frame_003221.PNG
positive-active,negative-active,frame_003265.PNG
positive-active,negative-active,frame_003266.PNG
positive-active,negative-active,frame_003267.PNG
positive-active,negative-active,frame_003268.PNG
positive-active,negative-active,frame_003269.PNG
positive-active,negative-active,frame_003270.PNG
neutral,negative-active,frame_003271.PNG
neutral,negative-active,frame_003272.PNG
neutral,negative-active,frame_003273.PNG
neutral,negative-active,frame_003274.PNG
neutral,negative-active,frame_003275.PNG
positive-active,negative-active,frame_003276.PNG
positive-active,negative-active,frame_003277.PNG
positive-active,negative-active,frame_003278.PNG
positive-active,negative-active,frame_003279.PNG
positive-active,negative-deactive,frame_003280.PNG
positive-active,negative-deactive,frame_003281.PNG
negative-deactive,negative-deactive,frame_003282.PNG
negative-deactive,negative-deactive,frame_003283.PNG
negative-deactive,negative-deactive,frame_003284.PNG
negative-deactive,negative-deactive,frame_003285.PNG
negative-deactive,negative-deactive,frame_003286.PNG
negative-deactive,negative-deactive,frame_003287.PNG
negative-deactive,negative-deactive,frame_003288.PNG
negative-deactive,negative-deactive,frame_003289.PNG
negative-deactive,negative-deactive,frame_003290.PNG
negative-deactive,negative-deactive,frame_003291.PNG
negative-deactive,negative-deactive,frame_003292.PNG
negative-deactive,negative-deactive,frame_003293.PNG
negative-deactive,negative-deactive,frame_003294.PNG
negative-deactive,negative-deactive,frame_003295.PNG
negative-deactive,negative-deactive,frame_003296.PNG
negative-deactive,negative-deactive,frame_003297.PNG
negative-deactive,negative-deactive,frame_003298.PNG
negative-deactive,negative-deactive,frame_003299.PNG
negative-deactive,negative-deactive,frame_003300.PNG
negative-deactive,negative-deactive,frame_003301.PNG
negative-deactive,negative-deactive,frame_003312.PNG
negative-deactive,negative-deactive,frame_003313.PNG
negative-active,negative-active,frame_003330.PNG
negative-active,negative-active,frame_003331.PNG
positive-active,negative-active,frame_003332.PNG
positive-active,negative-active,frame_003333.PNG
positive-active,negative-active,frame_003334.PNG
positive-active,negative-active,frame_003335.PNG
positive-active,negative-active,frame_003336.PNG
positive-active,negative-active,frame_003337.PNG
positive-active,negative-active,frame_003338.PNG
positive-active,negative-active,frame_003339.PNG
positive-active,negative-active,frame_003340.PNG
positive-active,negative-active,frame_003341.PNG
positive-active,negative-active,frame_003342.PNG
positive-active,negative-active,frame_003343.PNG
positive-active,negative-active,frame_003344.PNG
neutral,negative-active,frame_003354.PNG
neutral,negative-active,frame_003355.PNG
negative-active,negative-active,frame_003356.PNG
negative-active,negative-active,frame_003357.PNG
negative-active,negative-active,frame_003358.PNG
negative-active,negative-active,frame_003359.PNG
negative-active,negative-active,frame_003360.PNG
negative-active,negative-active,frame_003361.PNG
negative-active,negative-active,frame_003362.PNG
negative-deactive,negative-deactive,frame_003368.PNG
neutral,negative-deactive,frame_003369.PNG
neutral,negative-deactive,frame_003370.PNG
negative-active,negative-deactive,frame_003371.PNG
negative-active,negative-deactive,frame_003372.PNG
negative-active,negative-deactive,frame_003373.PNG
negative-active,negative-deactive,frame_003374.PNG
negative-active,negative-deactive,frame_003375.PNG
negative-active,negative-deactive,frame_003376.PNG
negative-active,negative-deactive,frame_003377.PNG
negative-active,negative-deactive,frame_003378.PNG
negative-active,negative-deactive,frame_003379.PNG
negative-active,negative-deactive,frame_003380.PNG
negative-active,negative-deactive,frame_003381.PNG
negative-active,negative-deactive,frame_003382.PNG
negative-active,negative-deactive,frame_003383.PNG
negative-active,negative-deactive,frame_003384.PNG
negative-active,negative-deactive,frame_003385.PNG
negative-active,negative-deactive,frame_003386.PNG
negative-active,negative-deactive,frame_003387.PNG
negative-active,negative-deactive,frame_003388.PNG
negative-active,negative-deactive,frame_003389.PNG
negative-active,negative-deactive,frame_003390.PNG
negative-active,negative-deactive,frame_003391.PNG
negative-active,negative-deactive,frame_003392.PNG
negative-active,negative-deactive,frame_003393.PNG
negative-active,negative-deactive,frame_003394.PNG
negative-active,negative-deactive,frame_003396.PNG
negative-active,negative-deactive,frame_003397.PNG
negative-active,negative-deactive,frame_003398.PNG
negative-active,negative-deactive,frame_003399.PNG
negative-active,negative-deactive,frame_003400.PNG
negative-active,negative-deactive,frame_003401.PNG
negative-active,negative-deactive,frame_003402.PNG
negative-active,negative-deactive,frame_003403.PNG
negative-active,negative-deactive,frame_003404.PNG
negative-active,negative-deactive,frame_003405.PNG
negative-active,negative-deactive,frame_003406.PNG
positive-active,negative-deactive,frame_003407.PNG
positive-active,negative-deactive,frame_003408.PNG
positive-active,negative-deactive,frame_003409.PNG
positive-active,negative-deactive,frame_003410.PNG
positive-active,negative-deactive,frame_003411.PNG
positive-active,negative-deactive,frame_003412.PNG
positive-active,negative-deactive,frame_003413.PNG
positive-active,negative-deactive,frame_003414.PNG
positive-active,negative-deactive,frame_003415.PNG
positive-active,negative-deactive,frame_003416.PNG
positive-active,negative-deactive,frame_003417.PNG
positive-active,negative-deactive,frame_003418.PNG
positive-deactive,negative-deactive,frame_003419.PNG
positive-deactive,negative-deactive,frame_003420.PNG
positive-deactive,negative-deactive,frame_003421.PNG
neutral,negative-deactive,frame_003422.PNG
neutral,negative-deactive,frame_003423.PNG
positive-deactive,negative-deactive,frame_003424.PNG
negative-deactive,negative-active,frame_003429.PNG
negative-deactive,negative-active,frame_003430.PNG
positive-active,negative-active,frame_003431.PNG
positive-active,negative-active,frame_003432.PNG
positive-active,negative-active,frame_003433.PNG
positive-active,negative-active,frame_003434.PNG
positive-active,negative-active,frame_003435.PNG
positive-active,negative-active,frame_003436.PNG
positive-active,negative-active,frame_003437.PNG
positive-active,negative-active,frame_003438.PNG
positive-active,negative-active,frame_003439.PNG
positive-active,negative-deactive,frame_003440.PNG
neutral,negative-deactive,frame_003441.PNG
neutral,negative-deactive,frame_003442.PNG
neutral,negative-deactive,frame_003443.PNG
neutral,negative-deactive,frame_003444.PNG
neutral,negative-deactive,frame_003445.PNG
negative-active,negative-deactive,frame_003446.PNG
negative-active,negative-deactive,frame_003447.PNG
positive-deactive,negative-deactive,frame_003448.PNG
positive-deactive,negative-deactive,frame_003449.PNG
positive-deactive,negative-deactive,frame_003450.PNG
positive-deactive,negative-deactive,frame_003451.PNG
positive-deactive,negative-deactive,frame_003452.PNG
neutral,negative-deactive,frame_003453.PNG
neutral,negative-deactive,frame_003454.PNG
positive-deactive,negative-deactive,frame_003459.PNG
positive-deactive,negative-deactive,frame_003460.PNG
positive-deactive,negative-deactive,frame_003461.PNG
positive-deactive,negative-deactive,frame_003462.PNG
positive-deactive,negative-deactive,frame_003463.PNG
positive-deactive,negative-deactive,frame_003464.PNG
positive-deactive,negative-deactive,frame_003465.PNG
negative-active,negative-deactive,frame_003466.PNG
negative-active,negative-deactive,frame_003467.PNG
negative-active,negative-deactive,frame_003468.PNG
negative-active,negative-deactive,frame_003469.PNG
negative-deactive,negative-deactive,frame_003470.PNG
negative-deactive,negative-deactive,frame_003471.PNG
negative-deactive,negative-deactive,frame_003472.PNG
negative-deactive,negative-deactive,frame_003473.PNG
negative-deactive,negative-deactive,frame_003474.PNG
negative-deactive,negative-deactive,frame_003475.PNG
negative-active,negative-deactive,frame_003476.PNG
negative-active,negative-deactive,frame_003477.PNG
negative-deactive,negative-deactive,frame_003478.PNG
negative-deactive,negative-deactive,frame_003479.PNG
negative-deactive,negative-deactive,frame_003480.PNG
negative-deactive,negative-deactive,frame_003481.PNG
negative-deactive,negative-deactive,frame_003482.PNG
negative-deactive,negative-deactive,frame_003483.PNG
negative-deactive,negative-deactive,frame_003484.PNG
positive-deactive,negative-deactive,frame_003491.PNG
positive-deactive,negative-deactive,frame_003492.PNG
positive-deactive,negative-deactive,frame_003493.PNG
positive-deactive,negative-deactive,frame_003494.PNG
positive-deactive,negative-deactive,frame_003495.PNG
positive-deactive,negative-deactive,frame_003496.PNG
positive-active,negative-active,frame_003502.PNG
positive-active,negative-active,frame_003503.PNG
positive-active,negative-active,frame_003504.PNG
positive-active,negative-active,frame_003505.PNG
positive-active,negative-active,frame_003506.PNG
positive-active,negative-active,frame_003507.PNG
negative-deactive,negative-active,frame_003509.PNG
negative-deactive,negative-active,frame_003510.PNG
negative-deactive,negative-active,frame_003511.PNG
negative-deactive,negative-active,frame_003512.PNG
negative-deactive,negative-active,frame_003513.PNG
neutral,negative-active,frame_003514.PNG
neutral,negative-active,frame_003515.PNG
neutral,negative-active,frame_003516.PNG
neutral,negative-active,frame_003517.PNG
positive-deactive,negative-deactive,frame_003521.PNG
positive-deactive,negative-deactive,frame_003522.PNG
positive-deactive,negative-deactive,frame_003523.PNG
positive-deactive,negative-deactive,frame_003524.PNG
positive-deactive,negative-deactive,frame_003525.PNG
negative-deactive,negative-active,frame_003527.PNG
negative-deactive,negative-active,frame_003528.PNG
negative-deactive,negative-active,frame_003529.PNG
negative-active,negative-deactive,frame_003530.PNG
negative-active,negative-deactive,frame_003531.PNG
negative-active,negative-deactive,frame_003532.PNG
negative-active,negative-deactive,frame_003533.PNG
negative-active,negative-deactive,frame_003538.PNG
negative-active,negative-deactive,frame_003539.PNG
negative-active,negative-deactive,frame_003540.PNG
negative-active,negative-deactive,frame_003541.PNG
negative-deactive,negative-deactive,frame_003542.PNG
negative-deactive,negative-deactive,frame_003543.PNG
negative-deactive,negative-deactive,frame_003544.PNG
negative-deactive,negative-deactive,frame_003545.PNG
negative-deactive,negative-deactive,frame_003546.PNG
negative-deactive,negative-deactive,frame_003547.PNG
negative-deactive,negative-deactive,frame_003548.PNG
negative-deactive,negative-deactive,frame_003549.PNG
negative-deactive,negative-deactive,frame_003550.PNG
negative-deactive,negative-deactive,frame_003551.PNG
negative-deactive,negative-deactive,frame_003552.PNG
negative-deactive,negative-deactive,frame_003553.PNG
negative-deactive,negative-deactive,frame_003554.PNG
negative-deactive,negative-deactive,frame_003555.PNG
negative-deactive,negative-deactive,frame_003556.PNG
positive-active,negative-deactive,frame_003573.PNG
negative-active,negative-deactive,frame_003574.PNG
negative-active,negative-deactive,frame_003575.PNG
neutral,negative-active,frame_003576.PNG
neutral,negative-active,frame_003577.PNG
neutral,negative-active,frame_003578.PNG
neutral,negative-active,frame_003579.PNG
neutral,negative-active,frame_003580.PNG
positive-active,negative-active,frame_003581.PNG
positive-active,negative-active,frame_003582.PNG
positive-active,negative-active,frame_003583.PNG
positive-active,negative-active,frame_003584.PNG
positive-active,negative-active,frame_003585.PNG
negative-active,negative-active,frame_003586.PNG
negative-active,negative-active,frame_003587.PNG
negative-active,negative-active,frame_003588.PNG
negative-active,negative-active,frame_003589.PNG
negative-active,negative-active,frame_003590.PNG
negative-active,negative-active,frame_003591.PNG
negative-active,negative-active,frame_003592.PNG
negative-active,negative-active,frame_003593.PNG
negative-active,negative-active,frame_003594.PNG
negative-active,negative-active,frame_003595.PNG
negative-active,negative-active,frame_003596.PNG
negative-active,negative-active,frame_003597.PNG
negative-active,negative-active,frame_003598.PNG
negative-active,negative-active,frame_003599.PNG
negative-active,negative-active,frame_003600.PNG
negative-active,negative-active,frame_003601.PNG
negative-active,negative-active,frame_003602.PNG
negative-active,negative-active,frame_003603.PNG
negative-active,negative-active,frame_003604.PNG
negative-active,negative-active,frame_003618.PNG
negative-active,negative-active,frame_003619.PNG
negative-active,negative-active,frame_003620.PNG
negative-active,negative-active,frame_003621.PNG
negative-active,negative-active,frame_003622.PNG
negative-active,negative-active,frame_003623.PNG
negative-active,negative-active,frame_003624.PNG
negative-active,negative-active,frame_003625.PNG
negative-active,negative-active,frame_003626.PNG
negative-active,negative-active,frame_003627.PNG
negative-active,negative-active,frame_003628.PNG
negative-active,negative-active,frame_003629.PNG
negative-active,negative-active,frame_003630.PNG
negative-active,negative-active,frame_003631.PNG
negative-active,negative-active,frame_003632.PNG
negative-active,negative-active,frame_003633.PNG
negative-active,negative-active,frame_003634.PNG
negative-active,negative-active,frame_003635.PNG
negative-active,negative-active,frame_003636.PNG
negative-active,negative-active,frame_003637.PNG
negative-deactive,negative-active,frame_003638.PNG
negative-deactive,negative-active,frame_003639.PNG
negative-deactive,negative-active,frame_003640.PNG
positive-deactive,negative-active,frame_003641.PNG
positive-deactive,negative-active,frame_003642.PNG
positive-deactive,negative-active,frame_003643.PNG
positive-deactive,negative-active,frame_003644.PNG
positive-deactive,negative-active,frame_003645.PNG
positive-deactive,negative-active,frame_003646.PNG
positive-deactive,negative-active,frame_003652.PNG
positive-deactive,negative-active,frame_003653.PNG
positive-deactive,negative-active,frame_003654.PNG
positive-active,negative-active,frame_003655.PNG
positive-active,negative-active,frame_003656.PNG
positive-active,negative-active,frame_003657.PNG
positive-active,negative-active,frame_003664.PNG
positive-active,negative-active,frame_003665.PNG
negative-active,negative-active,frame_003666.PNG
negative-active,negative-active,frame_003667.PNG
negative-active,negative-deactive,frame_003675.PNG
negative-active,negative-deactive,frame_003676.PNG
negative-active,negative-deactive,frame_003677.PNG
negative-active,negative-deactive,frame_003678.PNG
negative-active,negative-deactive,frame_003679.PNG
negative-active,negative-deactive,frame_003680.PNG
negative-active,negative-deactive,frame_003681.PNG
negative-active,negative-deactive,frame_003682.PNG
negative-active,negative-deactive,frame_003683.PNG
negative-active,negative-deactive,frame_003684.PNG
negative-active,negative-deactive,frame_003685.PNG
negative-active,negative-deactive,frame_003686.PNG
negative-active,negative-deactive,frame_003687.PNG
negative-active,negative-deactive,frame_003688.PNG
negative-active,negative-deactive,frame_003689.PNG
negative-active,negative-deactive,frame_003690.PNG
negative-active,negative-deactive,frame_003691.PNG
negative-active,negative-deactive,frame_003692.PNG
negative-active,negative-deactive,frame_003693.PNG
negative-active,negative-deactive,frame_003694.PNG
negative-active,negative-deactive,frame_003695.PNG
negative-active,negative-deactive,frame_003696.PNG
negative-active,negative-deactive,frame_003697.PNG
negative-active,negative-deactive,frame_003698.PNG
negative-active,negative-deactive,frame_003699.PNG
negative-active,negative-deactive,frame_003700.PNG
negative-deactive,negative-deactive,frame_003701.PNG
negative-deactive,negative-deactive,frame_003702.PNG
negative-deactive,negative-deactive,frame_003703.PNG
negative-deactive,negative-deactive,frame_003704.PNG
negative-deactive,negative-deactive,frame_003705.PNG
negative-deactive,negative-deactive,frame_003706.PNG
negative-deactive,negative-deactive,frame_003707.PNG
negative-deactive,negative-deactive,frame_003708.PNG
negative-deactive,negative-deactive,frame_003709.PNG
negative-deactive,negative-deactive,frame_003710.PNG
negative-deactive,negative-deactive,frame_003711.PNG
negative-deactive,negative-deactive,frame_003712.PNG
negative-deactive,negative-deactive,frame_003713.PNG
negative-deactive,negative-deactive,frame_003714.PNG
negative-deactive,negative-deactive,frame_003715.PNG
negative-active,negative-deactive,frame_003723.PNG
negative-active,negative-deactive,frame_003724.PNG
negative-active,negative-deactive,frame_003725.PNG
negative-active,negative-deactive,frame_003726.PNG
negative-active,negative-deactive,frame_003727.PNG
negative-active,negative-deactive,frame_003728.PNG
negative-active,negative-deactive,frame_003729.PNG
negative-active,negative-deactive,frame_003730.PNG
negative-active,negative-deactive,frame_003731.PNG
negative-active,negative-deactive,frame_003732.PNG
negative-active,negative-deactive,frame_003733.PNG
negative-active,negative-deactive,frame_003734.PNG
negative-active,negative-deactive,frame_003735.PNG
negative-active,negative-deactive,frame_003736.PNG
negative-active,negative-deactive,frame_003737.PNG
negative-active,negative-deactive,frame_003738.PNG
negative-active,negative-deactive,frame_003739.PNG
negative-active,negative-deactive,frame_003740.PNG
negative-active,negative-deactive,frame_003741.PNG
negative-active,negative-deactive,frame_003742.PNG
negative-active,negative-deactive,frame_003743.PNG
negative-active,negative-deactive,frame_003744.PNG
negative-active,negative-deactive,frame_003745.PNG
negative-active,negative-deactive,frame_003746.PNG
negative-active,negative-deactive,frame_003747.PNG
positive-deactive,negative-active,frame_003753.PNG
positive-deactive,negative-active,frame_003754.PNG
positive-deactive,negative-active,frame_003755.PNG
negative-deactive,negative-active,frame_003756.PNG
negative-deactive,negative-active,frame_003757.PNG
negative-deactive,negative-active,frame_003758.PNG
negative-deactive,negative-active,frame_003759.PNG
negative-deactive,negative-active,frame_003760.PNG
neutral,negative-active,frame_003761.PNG
neutral,negative-active,frame_003762.PNG
neutral,negative-active,frame_003763.PNG
neutral,negative-active,frame_003764.PNG
negative-active,negative-active,frame_003771.PNG
negative-active,negative-active,frame_003772.PNG
negative-active,negative-active,frame_003773.PNG
negative-active,negative-active,frame_003774.PNG
negative-active,negative-active,frame_003775.PNG
negative-active,negative-active,frame_003776.PNG
negative-active,negative-active,frame_003777.PNG
positive-deactive,negative-deactive,frame_003783.PNG
positive-deactive,negative-deactive,frame_003784.PNG
positive-deactive,negative-active,frame_003785.PNG
neutral,negative-active,frame_003786.PNG
neutral,negative-active,frame_003787.PNG
neutral,negative-active,frame_003788.PNG
neutral,negative-active,frame_003789.PNG
positive-active,negative-active,frame_003790.PNG
positive-active,negative-active,frame_003791.PNG
positive-active,negative-active,frame_003792.PNG
positive-active,negative-active,frame_003793.PNG
positive-active,negative-active,frame_003794.PNG
negative-deactive,negative-active,frame_003795.PNG
negative-deactive,negative-active,frame_003796.PNG
negative-deactive,negative-active,frame_003797.PNG
negative-active,negative-active,frame_003798.PNG
negative-active,negative-active,frame_003799.PNG
negative-active,negative-active,frame_003800.PNG
negative-active,negative-active,frame_003801.PNG
negative-active,negative-active,frame_003802.PNG
negative-active,negative-active,frame_003803.PNG
negative-active,negative-active,frame_003804.PNG
negative-active,negative-active,frame_003805.PNG
negative-active,negative-active,frame_003806.PNG
negative-active,negative-active,frame_003807.PNG
negative-active,negative-active,frame_003808.PNG
negative-active,negative-active,frame_003809.PNG
negative-active,negative-active,frame_003810.PNG
negative-active,negative-active,frame_003811.PNG
negative-active,negative-active,frame_003812.PNG
negative-active,negative-active,frame_003813.PNG
negative-active,negative-active,frame_003814.PNG
negative-active,negative-active,frame_003815.PNG
negative-active,negative-active,frame_003816.PNG
negative-active,negative-active,frame_003817.PNG
negative-active,negative-active,frame_003818.PNG
negative-active,negative-active,frame_003819.PNG
positive-active,negative-active,frame_003820.PNG
positive-active,negative-active,frame_003821.PNG
positive-active,negative-active,frame_003822.PNG
positive-active,negative-active,frame_003823.PNG
positive-active,negative-active,frame_003824.PNG
positive-active,negative-active,frame_003825.PNG
positive-active,negative-active,frame_003826.PNG
positive-active,negative-active,frame_003827.PNG
positive-active,negative-active,frame_003828.PNG
positive-active,negative-active,frame_003829.PNG
positive-active,negative-active,frame_003830.PNG
positive-active,negative-active,frame_003831.PNG
negative-deactive,negative-active,frame_003832.PNG
neutral,negative-deactive,frame_003839.PNG
neutral,negative-deactive,frame_003840.PNG
neutral,negative-deactive,frame_003841.PNG
neutral,negative-deactive,frame_003842.PNG
neutral,negative-deactive,frame_003843.PNG
negative-active,negative-deactive,frame_003844.PNG
negative-active,negative-active,frame_003845.PNG
negative-active,negative-active,frame_003846.PNG
negative-active,negative-active,frame_003847.PNG
negative-active,negative-active,frame_003848.PNG
negative-active,negative-active,frame_003849.PNG
negative-active,negative-active,frame_003850.PNG
negative-active,negative-active,frame_003851.PNG
negative-active,negative-active,frame_003852.PNG
negative-active,negative-active,frame_003853.PNG
neutral,negative-active,frame_003854.PNG
neutral,negative-deactive,frame_003855.PNG
negative-active,negative-deactive,frame_003856.PNG
negative-active,negative-deactive,frame_003857.PNG
positive-active,negative-active,frame_003864.PNG
positive-active,negative-active,frame_003865.PNG
positive-active,negative-active,frame_003866.PNG
positive-active,negative-active,frame_003867.PNG
positive-active,negative-deactive,frame_003868.PNG
positive-active,negative-deactive,frame_003869.PNG
positive-active,negative-deactive,frame_003870.PNG
positive-active,negative-deactive,frame_003871.PNG
positive-active,negative-deactive,frame_003872.PNG
negative-deactive,negative-deactive,frame_003877.PNG
negative-deactive,negative-deactive,frame_003878.PNG
positive-active,negative-active,frame_003888.PNG
positive-active,negative-active,frame_003889.PNG
positive-active,negative-active,frame_003890.PNG
positive-active,negative-active,frame_003891.PNG
positive-active,negative-active,frame_003892.PNG
positive-active,negative-active,frame_003893.PNG
positive-active,negative-active,frame_003894.PNG
positive-active,negative-active,frame_003895.PNG
positive-active,negative-active,frame_003896.PNG
positive-active,negative-active,frame_003897.PNG
positive-active,negative-active,frame_003898.PNG
negative-deactive,negative-active,frame_003899.PNG
negative-deactive,negative-active,frame_003900.PNG
negative-deactive,negative-active,frame_003901.PNG
negative-deactive,negative-active,frame_003902.PNG
negative-deactive,negative-active,frame_003903.PNG
positive-deactive,negative-deactive,frame_003912.PNG
neutral,negative-deactive,frame_003913.PNG
positive-active,negative-deactive,frame_003917.PNG
positive-active,negative-deactive,frame_003918.PNG
positive-active,negative-deactive,frame_003919.PNG
positive-active,negative-deactive,frame_003920.PNG
positive-active,negative-deactive,frame_003921.PNG
positive-active,negative-deactive,frame_003922.PNG
positive-active,negative-deactive,frame_003923.PNG
positive-active,negative-deactive,frame_003924.PNG
positive-active,negative-deactive,frame_003925.PNG
positive-active,negative-deactive,frame_003926.PNG
positive-active,negative-deactive,frame_003927.PNG
neutral,negative-deactive,frame_003928.PNG
neutral,negative-deactive,frame_003929.PNG
negative-active,negative-deactive,frame_003930.PNG
negative-active,negative-deactive,frame_003931.PNG
negative-active,negative-deactive,frame_003932.PNG
negative-active,negative-deactive,frame_003933.PNG
negative-active,negative-deactive,frame_003934.PNG
negative-active,negative-deactive,frame_003935.PNG
negative-active,negative-deactive,frame_003936.PNG
negative-active,negative-deactive,frame_003937.PNG
positive-active,negative-deactive,frame_003939.PNG
positive-active,negative-deactive,frame_003940.PNG
positive-deactive,negative-active,frame_003946.PNG
positive-deactive,negative-active,frame_003947.PNG
positive-deactive,negative-active,frame_003948.PNG
positive-deactive,negative-active,frame_003949.PNG
positive-deactive,negative-active,frame_003950.PNG
positive-deactive,negative-active,frame_003951.PNG
positive-deactive,negative-active,frame_003952.PNG
positive-deactive,negative-active,frame_003953.PNG
positive-deactive,negative-active,frame_003954.PNG
positive-deactive,negative-active,frame_003955.PNG
positive-active,negative-active,frame_003956.PNG
positive-active,negative-active,frame_003957.PNG
positive-active,negative-active,frame_003958.PNG
positive-active,negative-active,frame_003959.PNG
positive-active,negative-active,frame_003960.PNG
positive-active,negative-deactive,frame_003961.PNG
negative-deactive,negative-deactive,frame_003962.PNG
negative-deactive,negative-deactive,frame_003963.PNG
negative-active,negative-deactive,frame_003969.PNG
negative-active,negative-deactive,frame_003970.PNG
negative-active,negative-deactive,frame_003971.PNG
negative-active,negative-deactive,frame_003972.PNG
negative-active,negative-deactive,frame_003973.PNG
negative-active,negative-active,frame_003974.PNG
negative-active,negative-active,frame_003975.PNG
negative-active,negative-active,frame_003976.PNG
negative-active,negative-active,frame_003977.PNG
negative-active,negative-active,frame_003978.PNG
negative-active,negative-active,frame_003979.PNG
negative-active,negative-active,frame_003980.PNG
negative-active,negative-active,frame_003981.PNG
negative-active,negative-active,frame_003982.PNG
negative-active,negative-active,frame_003988.PNG
negative-active,negative-active,frame_003989.PNG
negative-active,negative-active,frame_003990.PNG
negative-active,negative-active,frame_003991.PNG
negative-active,negative-active,frame_003992.PNG
negative-active,negative-active,frame_003993.PNG
negative-active,negative-active,frame_003994.PNG
negative-active,negative-active,frame_003995.PNG
negative-active,negative-active,frame_003996.PNG
negative-active,negative-active,frame_003997.PNG
negative-active,negative-active,frame_003998.PNG
negative-active,negative-active,frame_003999.PNG
negative-active,negative-active,frame_004000.PNG
negative-active,negative-active,frame_004001.PNG
negative-active,negative-active,frame_004002.PNG
negative-active,negative-active,frame_004003.PNG
negative-deactive,negative-active,frame_004008.PNG
negative-deactive,negative-active,frame_004009.PNG
negative-deactive,negative-active,frame_004010.PNG
negative-deactive,negative-active,frame_004011.PNG
negative-deactive,negative-active,frame_004012.PNG
negative-deactive,negative-active,frame_004013.PNG
negative-active,negative-active,frame_004014.PNG
negative-active,negative-active,frame_004015.PNG
negative-active,negative-active,frame_004016.PNG
negative-active,negative-active,frame_004017.PNG
negative-active,negative-active,frame_004018.PNG
negative-active,negative-active,frame_004019.PNG
negative-active,negative-active,frame_004020.PNG
negative-active,negative-active,frame_004021.PNG
negative-active,negative-active,frame_004022.PNG
negative-active,negative-active,frame_004023.PNG
negative-active,negative-active,frame_004024.PNG
negative-active,negative-active,frame_004025.PNG
negative-active,negative-active,frame_004026.PNG
negative-active,negative-active,frame_004027.PNG
negative-active,negative-active,frame_004028.PNG
negative-active,negative-active,frame_004029.PNG
negative-active,negative-active,frame_004030.PNG
negative-active,negative-active,frame_004031.PNG
negative-active,negative-active,frame_004032.PNG
negative-active,negative-active,frame_004033.PNG
negative-active,negative-active,frame_004034.PNG
negative-active,negative-active,frame_004035.PNG
neutral,negative-active,frame_004036.PNG
neutral,negative-active,frame_004037.PNG
neutral,negative-active,frame_004038.PNG
neutral,negative-active,frame_004039.PNG
neutral,negative-active,frame_004040.PNG
neutral,negative-active,frame_004041.PNG
negative-active,negative-active,frame_004042.PNG
negative-active,negative-active,frame_004043.PNG
negative-active,negative-active,frame_004044.PNG
negative-active,negative-active,frame_004045.PNG
negative-active,negative-active,frame_004046.PNG
negative-active,negative-active,frame_004047.PNG
negative-active,negative-active,frame_004048.PNG
negative-active,negative-active,frame_004055.PNG
negative-active,negative-active,frame_004056.PNG
negative-active,negative-active,frame_004057.PNG
negative-active,negative-active,frame_004058.PNG
negative-active,negative-active,frame_004059.PNG
negative-active,negative-active,frame_004060.PNG
negative-active,negative-active,frame_004061.PNG
neutral,negative-active,frame_004062.PNG
neutral,negative-active,frame_004063.PNG
negative-active,negative-active,frame_004064.PNG
negative-active,negative-active,frame_004065.PNG
negative-active,negative-active,frame_004066.PNG
negative-active,negative-active,frame_004067.PNG
negative-active,negative-active,frame_004068.PNG
negative-active,negative-active,frame_004069.PNG
negative-deactive,negative-active,frame_004073.PNG
negative-deactive,negative-active,frame_004074.PNG
negative-active,negative-active,frame_004075.PNG
negative-active,negative-active,frame_004076.PNG
negative-active,negative-active,frame_004077.PNG
negative-active,negative-active,frame_004078.PNG
negative-deactive,negative-active,frame_004079.PNG
negative-deactive,negative-active,frame_004080.PNG
negative-deactive,negative-active,frame_004081.PNG
negative-deactive,negative-active,frame_004082.PNG
negative-deactive,negative-active,frame_004083.PNG
negative-deactive,negative-active,frame_004084.PNG
negative-active,negative-active,frame_004090.PNG
negative-active,negative-active,frame_004091.PNG
negative-active,negative-active,frame_004092.PNG
negative-active,negative-active,frame_004093.PNG
negative-active,negative-active,frame_004094.PNG
negative-active,negative-active,frame_004095.PNG
negative-active,negative-active,frame_004096.PNG
negative-active,negative-active,frame_004097.PNG
negative-active,negative-active,frame_004098.PNG
negative-active,negative-active,frame_004099.PNG
negative-active,negative-active,frame_004100.PNG
negative-active,negative-active,frame_004101.PNG
negative-deactive,negative-active,frame_004106.PNG
negative-deactive,negative-active,frame_004107.PNG
negative-active,negative-active,frame_004111.PNG
negative-active,negative-active,frame_004112.PNG
negative-active,negative-active,frame_004118.PNG
negative-active,negative-active,frame_004119.PNG
negative-active,negative-active,frame_004120.PNG
negative-active,negative-active,frame_004121.PNG
negative-active,negative-active,frame_004122.PNG
negative-active,negative-active,frame_004123.PNG
negative-active,negative-active,frame_004124.PNG
negative-active,negative-active,frame_004125.PNG
negative-active,negative-active,frame_004126.PNG
negative-active,negative-active,frame_004127.PNG
negative-active,negative-active,frame_004128.PNG
negative-active,negative-active,frame_004129.PNG
negative-active,negative-active,frame_004130.PNG
negative-active,negative-active,frame_004131.PNG
negative-active,negative-active,frame_004132.PNG
negative-active,negative-active,frame_004133.PNG
negative-active,negative-active,frame_004134.PNG
negative-active,negative-active,frame_004135.PNG
negative-active,negative-active,frame_004136.PNG
negative-active,negative-active,frame_004137.PNG
negative-active,negative-active,frame_004138.PNG
negative-active,negative-active,frame_004139.PNG
negative-active,negative-active,frame_004140.PNG
negative-active,negative-active,frame_004141.PNG
negative-active,negative-active,frame_004142.PNG
negative-active,negative-active,frame_004143.PNG
negative-active,negative-active,frame_004144.PNG
negative-active,negative-active,frame_004145.PNG
negative-active,negative-active,frame_004146.PNG
negative-active,negative-active,frame_004147.PNG
negative-active,negative-active,frame_004148.PNG
negative-active,negative-active,frame_004149.PNG
neutral,negative-active,frame_004150.PNG
neutral,negative-active,frame_004151.PNG
neutral,negative-active,frame_004152.PNG
neutral,negative-active,frame_004153.PNG
neutral,negative-active,frame_004154.PNG
neutral,negative-active,frame_004155.PNG
neutral,negative-active,frame_004156.PNG
neutral,negative-active,frame_004157.PNG
neutral,negative-active,frame_004158.PNG
neutral,negative-active,frame_004159.PNG
neutral,negative-active,frame_004160.PNG
neutral,negative-active,frame_004161.PNG
neutral,negative-active,frame_004162.PNG
neutral,negative-active,frame_004163.PNG
neutral,negative-active,frame_004164.PNG
neutral,negative-active,frame_004165.PNG
neutral,negative-active,frame_004166.PNG
neutral,negative-active,frame_004167.PNG
neutral,negative-active,frame_004168.PNG
neutral,negative-active,frame_004169.PNG
neutral,negative-active,frame_004170.PNG
neutral,negative-deactive,frame_004171.PNG
neutral,negative-deactive,frame_004172.PNG
neutral,negative-deactive,frame_004173.PNG
neutral,negative-deactive,frame_004174.PNG
negative-active,negative-deactive,frame_004175.PNG
negative-active,negative-deactive,frame_004176.PNG
negative-active,negative-deactive,frame_004177.PNG
neutral,negative-deactive,frame_004178.PNG
neutral,negative-deactive,frame_004179.PNG
neutral,negative-deactive,frame_004180.PNG
neutral,negative-deactive,frame_004181.PNG
neutral,negative-deactive,frame_004182.PNG
neutral,negative-deactive,frame_004183.PNG
negative-deactive,negative-deactive,frame_004184.PNG
negative-deactive,negative-deactive,frame_004185.PNG
negative-deactive,negative-active,frame_004186.PNG
negative-deactive,negative-active,frame_004187.PNG
negative-deactive,negative-active,frame_004188.PNG
negative-deactive,negative-active,frame_004189.PNG
negative-deactive,negative-active,frame_004190.PNG
negative-deactive,negative-deactive,frame_004198.PNG
negative-deactive,negative-deactive,frame_004199.PNG
negative-deactive,negative-deactive,frame_004200.PNG
negative-deactive,negative-deactive,frame_004201.PNG
negative-deactive,negative-deactive,frame_004202.PNG
negative-deactive,negative-deactive,frame_004203.PNG
negative-deactive,negative-deactive,frame_004204.PNG
negative-deactive,negative-deactive,frame_004205.PNG
negative-deactive,negative-deactive,frame_004206.PNG
negative-deactive,negative-deactive,frame_004207.PNG
negative-deactive,negative-active,frame_004208.PNG
negative-deactive,negative-active,frame_004209.PNG
negative-deactive,negative-active,frame_004210.PNG
negative-deactive,negative-active,frame_004211.PNG
negative-deactive,negative-active,frame_004212.PNG
negative-deactive,negative-active,frame_004213.PNG
negative-deactive,negative-active,frame_004214.PNG
negative-deactive,negative-active,frame_004215.PNG
negative-deactive,negative-active,frame_004216.PNG
negative-deactive,negative-active,frame_004217.PNG
negative-deactive,negative-active,frame_004218.PNG
negative-deactive,negative-active,frame_004219.PNG
negative-deactive,negative-active,frame_004220.PNG
negative-deactive,negative-active,frame_004221.PNG
negative-deactive,negative-active,frame_004222.PNG
negative-deactive,negative-active,frame_004223.PNG
negative-deactive,negative-active,frame_004224.PNG
negative-deactive,negative-active,frame_004225.PNG
negative-deactive,negative-active,frame_004226.PNG
negative-deactive,negative-deactive,frame_004232.PNG
negative-deactive,negative-deactive,frame_004233.PNG
negative-deactive,negative-deactive,frame_004234.PNG
negative-deactive,negative-deactive,frame_004235.PNG
negative-deactive,negative-deactive,frame_004236.PNG
negative-deactive,negative-deactive,frame_004237.PNG
negative-deactive,negative-deactive,frame_004238.PNG
negative-deactive,negative-deactive,frame_004239.PNG
negative-deactive,negative-deactive,frame_004240.PNG
negative-deactive,negative-active,frame_004252.PNG
negative-deactive,negative-active,frame_004253.PNG
negative-deactive,negative-active,frame_004254.PNG
negative-deactive,negative-active,frame_004255.PNG
negative-deactive,negative-active,frame_004256.PNG
negative-deactive,negative-active,frame_004257.PNG
negative-deactive,negative-active,frame_004258.PNG
negative-deactive,negative-active,frame_004259.PNG
negative-deactive,negative-active,frame_004260.PNG
negative-deactive,negative-active,frame_004261.PNG
negative-deactive,negative-active,frame_004262.PNG
negative-deactive,negative-active,frame_004263.PNG
negative-deactive,negative-active,frame_004264.PNG
negative-deactive,negative-active,frame_004265.PNG
negative-deactive,negative-active,frame_004266.PNG
negative-deactive,negative-active,frame_004267.PNG
negative-deactive,negative-active,frame_004268.PNG
negative-deactive,negative-deactive,frame_004275.PNG
negative-deactive,negative-deactive,frame_004276.PNG
negative-deactive,negative-deactive,frame_004277.PNG
negative-deactive,negative-deactive,frame_004278.PNG
negative-deactive,negative-deactive,frame_004279.PNG
negative-deactive,negative-deactive,frame_004280.PNG
negative-deactive,negative-deactive,frame_004281.PNG
negative-deactive,negative-deactive,frame_004282.PNG
negative-active,negative-deactive,frame_004289.PNG
negative-active,negative-deactive,frame_004290.PNG
negative-active,negative-deactive,frame_004291.PNG
negative-active,negative-deactive,frame_004292.PNG
negative-active,negative-active,frame_004293.PNG
negative-active,negative-active,frame_004294.PNG
negative-active,negative-active,frame_004295.PNG
negative-active,negative-active,frame_004296.PNG
negative-active,negative-active,frame_004297.PNG
negative-active,negative-active,frame_004298.PNG
negative-active,negative-active,frame_004299.PNG
negative-active,negative-active,frame_004300.PNG
negative-active,negative-active,frame_004301.PNG
negative-deactive,negative-deactive,frame_004328.PNG
negative-deactive,negative-deactive,frame_004329.PNG
negative-deactive,negative-deactive,frame_004330.PNG
negative-deactive,negative-deactive,frame_004331.PNG
negative-deactive,negative-deactive,frame_004332.PNG
negative-deactive,negative-deactive,frame_004333.PNG
negative-deactive,negative-deactive,frame_004334.PNG
negative-deactive,negative-deactive,frame_004335.PNG
negative-deactive,negative-deactive,frame_004336.PNG
negative-deactive,negative-deactive,frame_004337.PNG
negative-deactive,negative-deactive,frame_004338.PNG
negative-deactive,negative-deactive,frame_004339.PNG
negative-deactive,negative-deactive,frame_004340.PNG
positive-active,negative-deactive,frame_004348.PNG
positive-active,negative-deactive,frame_004349.PNG
negative-active,negative-deactive,frame_004350.PNG
negative-active,negative-deactive,frame_004351.PNG
negative-active,negative-deactive,frame_004352.PNG
negative-active,negative-deactive,frame_004353.PNG
negative-active,negative-deactive,frame_004354.PNG
negative-active,negative-deactive,frame_004355.PNG
negative-active,negative-deactive,frame_004356.PNG
negative-active,negative-deactive,frame_004357.PNG
negative-active,negative-deactive,frame_004358.PNG
negative-active,negative-deactive,frame_004359.PNG
positive-active,negative-deactive,frame_004373.PNG
positive-active,negative-deactive,frame_004374.PNG
positive-active,negative-deactive,frame_004375.PNG
positive-active,negative-deactive,frame_004376.PNG
positive-deactive,negative-deactive,frame_004383.PNG
positive-deactive,negative-deactive,frame_004384.PNG
negative-deactive,negative-deactive,frame_004385.PNG
negative-deactive,negative-deactive,frame_004386.PNG
negative-deactive,negative-deactive,frame_004387.PNG
negative-deactive,negative-deactive,frame_004388.PNG
positive-active,negative-deactive,frame_004389.PNG
positive-active,negative-deactive,frame_004390.PNG
positive-deactive,negative-deactive,frame_004401.PNG
positive-deactive,negative-deactive,frame_004402.PNG
positive-deactive,negative-deactive,frame_004403.PNG
positive-deactive,negative-deactive,frame_004404.PNG
positive-deactive,negative-deactive,frame_004405.PNG
positive-deactive,negative-deactive,frame_004406.PNG
positive-deactive,negative-deactive,frame_004407.PNG
positive-active,negative-deactive,frame_004408.PNG
positive-active,negative-deactive,frame_004409.PNG
positive-active,negative-deactive,frame_004410.PNG
positive-active,negative-deactive,frame_004411.PNG
positive-active,negative-deactive,frame_004412.PNG
positive-active,negative-deactive,frame_004413.PNG
positive-active,negative-deactive,frame_004414.PNG
positive-active,negative-deactive,frame_004415.PNG
positive-active,negative-deactive,frame_004416.PNG
positive-active,negative-deactive,frame_004417.PNG
positive-active,negative-deactive,frame_004418.PNG
neutral,negative-deactive,frame_004419.PNG
neutral,negative-deactive,frame_004420.PNG
neutral,negative-deactive,frame_004421.PNG
neutral,negative-deactive,frame_004422.PNG
neutral,negative-deactive,frame_004423.PNG
neutral,negative-deactive,frame_004424.PNG
neutral,negative-deactive,frame_004425.PNG
neutral,negative-deactive,frame_004426.PNG
positive-deactive,negative-deactive,frame_004427.PNG
positive-deactive,negative-deactive,frame_004428.PNG
positive-deactive,negative-deactive,frame_004429.PNG
positive-deactive,negative-deactive,frame_004430.PNG
positive-deactive,negative-deactive,frame_004431.PNG
positive-deactive,negative-deactive,frame_004432.PNG
positive-active,negative-deactive,frame_004433.PNG
positive-active,negative-deactive,frame_004434.PNG
positive-active,negative-deactive,frame_004435.PNG
positive-active,negative-deactive,frame_004436.PNG
positive-active,negative-deactive,frame_004437.PNG
positive-active,negative-deactive,frame_004438.PNG
positive-active,negative-deactive,frame_004439.PNG
positive-active,negative-deactive,frame_004440.PNG
positive-active,negative-deactive,frame_004441.PNG
positive-active,negative-deactive,frame_004442.PNG
positive-active,negative-deactive,frame_004443.PNG
positive-active,negative-deactive,frame_004444.PNG
positive-active,negative-deactive,frame_004445.PNG
positive-active,negative-deactive,frame_004446.PNG
positive-active,negative-deactive,frame_004447.PNG
positive-active,negative-deactive,frame_004448.PNG
negative-deactive,negative-deactive,frame_004459.PNG
negative-deactive,negative-deactive,frame_004460.PNG
negative-deactive,negative-deactive,frame_004461.PNG
negative-deactive,negative-deactive,frame_004462.PNG
negative-deactive,negative-deactive,frame_004463.PNG
negative-deactive,negative-deactive,frame_004464.PNG
negative-deactive,negative-deactive,frame_004465.PNG
negative-deactive,negative-deactive,frame_004466.PNG
negative-deactive,negative-deactive,frame_004467.PNG
negative-deactive,negative-deactive,frame_004468.PNG
negative-deactive,negative-deactive,frame_004469.PNG
negative-deactive,negative-deactive,frame_004470.PNG
negative-deactive,negative-deactive,frame_004471.PNG
negative-active,negative-deactive,frame_004487.PNG
negative-active,negative-deactive,frame_004488.PNG
negative-active,negative-deactive,frame_004489.PNG
negative-active,negative-deactive,frame_004490.PNG
negative-active,negative-deactive,frame_004491.PNG
negative-active,negative-deactive,frame_004492.PNG
negative-active,negative-deactive,frame_004493.PNG
negative-deactive,negative-deactive,frame_004494.PNG
negative-deactive,negative-deactive,frame_004495.PNG
negative-deactive,negative-deactive,frame_004496.PNG
negative-deactive,negative-deactive,frame_004497.PNG
negative-deactive,negative-deactive,frame_004498.PNG
negative-deactive,negative-deactive,frame_004499.PNG
negative-deactive,negative-deactive,frame_004500.PNG
negative-deactive,negative-deactive,frame_004542.PNG
negative-deactive,negative-deactive,frame_004543.PNG
negative-deactive,negative-deactive,frame_004544.PNG
negative-deactive,negative-deactive,frame_004545.PNG
negative-deactive,negative-deactive,frame_004546.PNG
negative-deactive,negative-deactive,frame_004547.PNG
negative-deactive,negative-deactive,frame_004548.PNG
negative-deactive,negative-deactive,frame_004549.PNG
negative-deactive,negative-deactive,frame_004550.PNG
positive-deactive,negative-deactive,frame_004551.PNG
positive-deactive,negative-deactive,frame_004552.PNG
positive-deactive,negative-deactive,frame_004553.PNG
positive-deactive,negative-deactive,frame_004561.PNG
positive-deactive,negative-deactive,frame_004562.PNG
positive-deactive,negative-deactive,frame_004563.PNG
positive-deactive,negative-deactive,frame_004564.PNG
positive-deactive,negative-deactive,frame_004565.PNG
positive-deactive,negative-deactive,frame_004566.PNG
positive-deactive,negative-deactive,frame_004567.PNG
positive-deactive,negative-deactive,frame_004568.PNG
positive-deactive,negative-deactive,frame_004569.PNG
positive-deactive,negative-deactive,frame_004570.PNG
positive-deactive,negative-deactive,frame_004571.PNG
positive-deactive,negative-deactive,frame_004572.PNG
negative-deactive,negative-deactive,frame_004573.PNG
negative-deactive,negative-deactive,frame_004574.PNG
negative-deactive,negative-deactive,frame_004575.PNG
negative-deactive,negative-deactive,frame_004576.PNG
negative-deactive,negative-deactive,frame_004577.PNG
negative-deactive,negative-deactive,frame_004578.PNG
negative-deactive,negative-deactive,frame_004579.PNG
negative-deactive,negative-deactive,frame_004585.PNG
negative-deactive,negative-deactive,frame_004586.PNG
negative-deactive,negative-deactive,frame_004587.PNG
negative-deactive,negative-deactive,frame_004588.PNG
negative-deactive,negative-deactive,frame_004589.PNG
negative-deactive,negative-deactive,frame_004590.PNG
negative-deactive,negative-deactive,frame_004591.PNG
negative-deactive,negative-deactive,frame_004597.PNG
negative-deactive,negative-deactive,frame_004598.PNG
negative-deactive,negative-deactive,frame_004599.PNG
negative-deactive,negative-deactive,frame_004600.PNG
negative-deactive,negative-deactive,frame_004601.PNG
negative-deactive,negative-deactive,frame_004602.PNG
negative-deactive,negative-deactive,frame_004603.PNG
negative-deactive,negative-deactive,frame_004604.PNG
negative-deactive,negative-deactive,frame_004605.PNG
negative-deactive,negative-deactive,frame_004606.PNG
negative-deactive,negative-deactive,frame_004607.PNG
negative-deactive,negative-deactive,frame_004608.PNG
negative-deactive,negative-deactive,frame_004609.PNG
negative-deactive,negative-deactive,frame_004610.PNG
negative-deactive,negative-deactive,frame_004611.PNG
negative-deactive,negative-deactive,frame_004612.PNG
negative-deactive,negative-deactive,frame_004613.PNG
negative-deactive,negative-deactive,frame_004614.PNG
negative-deactive,negative-deactive,frame_004615.PNG
negative-deactive,negative-deactive,frame_004616.PNG
negative-deactive,negative-deactive,frame_004617.PNG
negative-deactive,negative-deactive,frame_004618.PNG
negative-deactive,negative-deactive,frame_004619.PNG
negative-deactive,negative-deactive,frame_004620.PNG
negative-deactive,negative-deactive,frame_004621.PNG
negative-deactive,negative-deactive,frame_004622.PNG
negative-deactive,negative-deactive,frame_004623.PNG
negative-deactive,negative-deactive,frame_004624.PNG
neutral,negative-deactive,frame_004628.PNG
negative-deactive,negative-deactive,frame_004629.PNG
negative-deactive,negative-deactive,frame_004630.PNG
negative-deactive,negative-deactive,frame_004631.PNG
negative-deactive,negative-deactive,frame_004632.PNG
negative-deactive,negative-deactive,frame_004633.PNG
negative-deactive,negative-deactive,frame_004634.PNG
negative-deactive,negative-deactive,frame_004635.PNG
negative-deactive,negative-deactive,frame_004636.PNG
negative-active,negative-deactive,frame_004637.PNG
negative-active,negative-deactive,frame_004638.PNG
negative-active,negative-deactive,frame_004639.PNG
negative-active,negative-deactive,frame_004640.PNG
negative-active,negative-deactive,frame_004641.PNG
negative-active,negative-deactive,frame_004642.PNG
negative-active,negative-deactive,frame_004643.PNG
negative-active,negative-deactive,frame_004644.PNG
negative-active,negative-deactive,frame_004645.PNG
neutral,negative-deactive,frame_004646.PNG
neutral,negative-deactive,frame_004647.PNG
neutral,negative-deactive,frame_004648.PNG
neutral,negative-deactive,frame_004649.PNG
neutral,negative-deactive,frame_004650.PNG
negative-active,negative-deactive,frame_004651.PNG
negative-active,negative-deactive,frame_004652.PNG
negative-active,negative-deactive,frame_004653.PNG
negative-active,negative-active,frame_004654.PNG
negative-active,negative-active,frame_004655.PNG
negative-active,negative-active,frame_004656.PNG
negative-active,negative-active,frame_004657.PNG
negative-active,negative-active,frame_004658.PNG
negative-active,negative-active,frame_004659.PNG
negative-active,negative-active,frame_004660.PNG
negative-active,negative-active,frame_004661.PNG
negative-active,negative-active,frame_004662.PNG
negative-active,negative-active,frame_004663.PNG
negative-active,negative-active,frame_004664.PNG
negative-active,negative-active,frame_004665.PNG
neutral,negative-active,frame_004670.PNG
negative-deactive,negative-active,frame_004671.PNG
negative-deactive,negative-active,frame_004672.PNG
negative-deactive,negative-active,frame_004673.PNG
negative-deactive,negative-active,frame_004674.PNG
negative-deactive,negative-active,frame_004675.PNG
negative-deactive,negative-active,frame_004676.PNG
negative-deactive,negative-active,frame_004677.PNG
negative-deactive,negative-active,frame_004678.PNG
negative-deactive,negative-active,frame_004679.PNG
negative-deactive,negative-active,frame_004680.PNG
negative-deactive,negative-active,frame_004681.PNG
negative-deactive,negative-active,frame_004682.PNG
negative-deactive,negative-deactive,frame_004683.PNG
negative-active,negative-active,frame_004692.PNG
negative-active,negative-active,frame_004693.PNG
negative-active,negative-active,frame_004694.PNG
negative-active,negative-active,frame_004695.PNG
negative-active,negative-active,frame_004696.PNG
negative-active,negative-active,frame_004697.PNG
negative-active,negative-active,frame_004698.PNG
negative-active,negative-active,frame_004699.PNG
negative-active,negative-active,frame_004700.PNG
negative-active,negative-active,frame_004701.PNG
negative-active,negative-active,frame_004702.PNG
negative-active,negative-active,frame_004703.PNG
negative-active,negative-active,frame_004704.PNG
negative-active,negative-active,frame_004705.PNG
negative-active,negative-active,frame_004706.PNG
negative-active,negative-active,frame_004707.PNG
negative-active,negative-active,frame_004708.PNG
negative-active,negative-active,frame_004709.PNG
negative-active,negative-active,frame_004710.PNG
negative-active,negative-active,frame_004711.PNG
negative-active,negative-active,frame_004712.PNG
negative-active,negative-active,frame_004713.PNG
negative-active,negative-active,frame_004714.PNG
negative-active,negative-active,frame_004721.PNG
negative-active,negative-active,frame_004722.PNG
negative-active,negative-active,frame_004723.PNG
negative-active,negative-active,frame_004724.PNG
negative-active,negative-active,frame_004725.PNG
negative-active,negative-active,frame_004726.PNG
negative-deactive,negative-active,frame_004727.PNG
negative-deactive,negative-active,frame_004728.PNG
negative-deactive,negative-active,frame_004729.PNG
negative-deactive,negative-active,frame_004730.PNG
negative-deactive,negative-active,frame_004731.PNG
negative-deactive,negative-active,frame_004732.PNG
negative-active,negative-deactive,frame_004739.PNG
neutral,negative-deactive,frame_004740.PNG
neutral,negative-deactive,frame_004741.PNG
neutral,negative-deactive,frame_004742.PNG
neutral,negative-deactive,frame_004743.PNG
neutral,negative-deactive,frame_004744.PNG
neutral,negative-deactive,frame_004745.PNG
neutral,negative-deactive,frame_004746.PNG
neutral,negative-deactive,frame_004747.PNG
neutral,negative-deactive,frame_004748.PNG
negative-deactive,negative-deactive,frame_004749.PNG
negative-deactive,negative-deactive,frame_004750.PNG
negative-deactive,negative-deactive,frame_004751.PNG
negative-deactive,negative-active,frame_004752.PNG
negative-deactive,negative-active,frame_004753.PNG
negative-deactive,negative-active,frame_004754.PNG
negative-deactive,negative-active,frame_004755.PNG
neutral,negative-deactive,frame_004766.PNG
neutral,negative-deactive,frame_004767.PNG
neutral,negative-deactive,frame_004768.PNG
neutral,negative-deactive,frame_004769.PNG
neutral,negative-deactive,frame_004770.PNG
negative-deactive,negative-deactive,frame_004771.PNG
negative-deactive,negative-deactive,frame_004772.PNG
negative-deactive,negative-deactive,frame_004773.PNG
positive-deactive,negative-deactive,frame_004781.PNG
positive-deactive,negative-deactive,frame_004782.PNG
positive-deactive,negative-deactive,frame_004783.PNG
negative-deactive,negative-deactive,frame_004784.PNG
negative-deactive,negative-deactive,frame_004785.PNG
negative-deactive,negative-deactive,frame_004786.PNG
negative-deactive,negative-deactive,frame_004787.PNG
negative-deactive,negative-deactive,frame_004788.PNG
negative-deactive,negative-deactive,frame_004789.PNG
negative-deactive,negative-deactive,frame_004790.PNG
negative-deactive,negative-deactive,frame_004791.PNG
negative-deactive,negative-deactive,frame_004792.PNG
negative-deactive,negative-deactive,frame_004793.PNG
negative-deactive,negative-deactive,frame_004794.PNG
negative-deactive,negative-deactive,frame_004795.PNG
negative-deactive,negative-deactive,frame_004796.PNG
negative-deactive,negative-deactive,frame_004797.PNG
negative-deactive,negative-deactive,frame_004798.PNG
negative-deactive,negative-deactive,frame_004799.PNG
negative-active,negative-deactive,frame_004800.PNG
negative-active,negative-deactive,frame_004801.PNG
negative-active,negative-deactive,frame_004802.PNG
negative-active,negative-deactive,frame_004803.PNG
negative-active,negative-deactive,frame_004804.PNG
negative-deactive,negative-deactive,frame_004809.PNG
negative-deactive,negative-deactive,frame_004810.PNG
negative-deactive,negative-deactive,frame_004811.PNG
negative-deactive,negative-deactive,frame_004812.PNG
positive-deactive,negative-deactive,frame_004813.PNG
positive-deactive,negative-deactive,frame_004814.PNG
positive-deactive,negative-deactive,frame_004815.PNG
positive-deactive,negative-deactive,frame_004816.PNG
positive-deactive,negative-deactive,frame_004817.PNG
positive-deactive,negative-deactive,frame_004818.PNG
positive-deactive,negative-deactive,frame_004819.PNG
positive-deactive,negative-deactive,frame_004820.PNG
positive-deactive,negative-deactive,frame_004821.PNG
positive-active,negative-deactive,frame_004822.PNG
positive-active,negative-deactive,frame_004823.PNG
positive-active,negative-deactive,frame_004824.PNG
positive-active,negative-deactive,frame_004825.PNG
positive-active,negative-deactive,frame_004826.PNG
positive-active,negative-deactive,frame_004827.PNG
positive-active,negative-deactive,frame_004828.PNG
positive-active,negative-deactive,frame_004829.PNG
positive-active,negative-deactive,frame_004830.PNG
positive-active,negative-deactive,frame_004831.PNG
positive-active,negative-deactive,frame_004832.PNG
positive-active,negative-deactive,frame_004833.PNG
positive-active,negative-deactive,frame_004834.PNG
positive-active,negative-deactive,frame_004835.PNG
positive-active,negative-deactive,frame_004836.PNG
positive-active,negative-deactive,frame_004837.PNG
positive-active,negative-deactive,frame_004838.PNG
positive-active,negative-deactive,frame_004839.PNG
positive-active,positive-deactive,frame_004840.PNG
positive-active,positive-active,frame_004841.PNG
positive-active,positive-active,frame_004842.PNG
positive-active,positive-active,frame_004843.PNG
positive-active,positive-active,frame_004844.PNG
positive-active,positive-active,frame_004845.PNG
positive-active,positive-active,frame_004846.PNG
positive-active,positive-active,frame_004847.PNG
positive-active,positive-active,frame_004848.PNG
positive-active,positive-active,frame_004849.PNG
positive-active,positive-active,frame_004850.PNG
positive-active,positive-active,frame_004851.PNG
positive-active,positive-active,frame_004852.PNG
positive-active,positive-active,frame_004853.PNG
positive-active,positive-active,frame_004854.PNG
positive-active,positive-active,frame_004855.PNG
positive-active,positive-active,frame_004856.PNG
positive-active,positive-active,frame_004857.PNG
positive-active,positive-active,frame_004858.PNG
positive-active,positive-active,frame_004859.PNG
positive-active,positive-active,frame_004860.PNG
positive-active,positive-active,frame_004861.PNG
positive-active,positive-active,frame_004862.PNG
positive-active,positive-active,frame_004863.PNG
positive-active,positive-active,frame_004864.PNG
positive-active,positive-active,frame_004865.PNG
positive-active,positive-active,frame_004866.PNG
positive-active,positive-active,frame_004867.PNG
positive-active,positive-active,frame_004868.PNG
positive-active,positive-active,frame_004869.PNG
positive-active,positive-active,frame_004870.PNG
positive-active,positive-active,frame_004871.PNG
positive-active,positive-active,frame_004872.PNG
negative-deactive,negative-active,frame_004896.PNG
negative-deactive,negative-active,frame_004897.PNG
negative-deactive,negative-active,frame_004898.PNG
negative-deactive,negative-active,frame_004899.PNG
negative-active,negative-active,frame_004900.PNG
negative-active,negative-active,frame_004901.PNG
negative-active,negative-active,frame_004902.PNG
negative-active,negative-active,frame_004903.PNG
negative-active,negative-active,frame_004904.PNG
negative-active,negative-active,frame_004905.PNG
negative-active,negative-active,frame_004906.PNG
negative-active,negative-active,frame_004907.PNG
negative-active,negative-active,frame_004908.PNG
negative-active,negative-active,frame_004909.PNG
neutral,negative-active,frame_004910.PNG
neutral,negative-active,frame_004911.PNG
neutral,negative-active,frame_004912.PNG
neutral,negative-active,frame_004913.PNG
neutral,negative-active,frame_004914.PNG
neutral,negative-active,frame_004915.PNG
negative-deactive,negative-active,frame_004916.PNG
negative-deactive,negative-active,frame_004917.PNG
negative-deactive,negative-active,frame_004918.PNG
negative-deactive,negative-active,frame_004919.PNG
negative-deactive,negative-active,frame_004920.PNG
negative-deactive,negative-active,frame_004921.PNG
negative-deactive,negative-active,frame_004922.PNG
negative-deactive,negative-active,frame_004923.PNG
negative-deactive,negative-active,frame_004924.PNG
negative-deactive,negative-active,frame_004925.PNG
negative-active,negative-active,frame_004926.PNG
negative-active,negative-active,frame_004927.PNG
negative-active,negative-active,frame_004928.PNG
negative-active,negative-active,frame_004929.PNG
negative-active,negative-active,frame_004930.PNG
negative-active,negative-active,frame_004931.PNG
negative-active,negative-deactive,frame_004932.PNG
negative-active,negative-deactive,frame_004933.PNG
negative-active,negative-deactive,frame_004934.PNG
negative-deactive,negative-deactive,frame_004935.PNG
negative-deactive,negative-deactive,frame_004936.PNG
negative-deactive,negative-deactive,frame_004937.PNG
negative-deactive,negative-deactive,frame_004938.PNG
negative-deactive,negative-deactive,frame_004939.PNG
neutral,negative-deactive,frame_004940.PNG
neutral,negative-deactive,frame_004941.PNG
negative-deactive,negative-deactive,frame_004944.PNG
negative-deactive,negative-deactive,frame_004945.PNG
negative-deactive,negative-deactive,frame_004946.PNG
negative-deactive,negative-deactive,frame_004947.PNG
negative-deactive,negative-deactive,frame_004948.PNG
negative-deactive,negative-deactive,frame_004949.PNG
negative-deactive,negative-deactive,frame_004950.PNG
negative-deactive,negative-deactive,frame_004951.PNG
negative-deactive,negative-deactive,frame_004952.PNG
negative-deactive,negative-deactive,frame_004953.PNG
negative-deactive,negative-deactive,frame_004954.PNG
negative-deactive,negative-deactive,frame_004955.PNG
negative-deactive,negative-deactive,frame_004956.PNG
neutral,negative-deactive,frame_004966.PNG
negative-deactive,negative-deactive,frame_004967.PNG
negative-deactive,negative-deactive,frame_004968.PNG
negative-deactive,negative-deactive,frame_004969.PNG
negative-deactive,negative-deactive,frame_004970.PNG
negative-deactive,negative-deactive,frame_004975.PNG
negative-deactive,negative-deactive,frame_004976.PNG
negative-deactive,negative-deactive,frame_004977.PNG
negative-deactive,negative-deactive,frame_004978.PNG
negative-deactive,negative-active,frame_004979.PNG
negative-deactive,negative-active,frame_004980.PNG
negative-active,negative-active,frame_004981.PNG
negative-active,negative-active,frame_004982.PNG
negative-active,negative-active,frame_004983.PNG
negative-active,negative-active,frame_004984.PNG
negative-active,negative-active,frame_004985.PNG
negative-active,negative-active,frame_004986.PNG
negative-active,negative-active,frame_004987.PNG
negative-active,negative-active,frame_004988.PNG
negative-active,negative-active,frame_004989.PNG
negative-deactive,negative-deactive,frame_004990.PNG
negative-deactive,negative-deactive,frame_004995.PNG
negative-deactive,negative-deactive,frame_004996.PNG
negative-active,negative-deactive,frame_004997.PNG
negative-active,negative-deactive,frame_004998.PNG
negative-active,negative-deactive,frame_004999.PNG
negative-active,negative-deactive,frame_005000.PNG
negative-active,negative-deactive,frame_005001.PNG
negative-active,negative-deactive,frame_005002.PNG
negative-active,negative-deactive,frame_005003.PNG
negative-active,negative-deactive,frame_005004.PNG
negative-active,negative-deactive,frame_005005.PNG
negative-active,negative-deactive,frame_005006.PNG
negative-active,negative-deactive,frame_005007.PNG
positive-deactive,positive-deactive,frame_005016.PNG
positive-deactive,positive-deactive,frame_005017.PNG
positive-deactive,positive-deactive,frame_005018.PNG
positive-active,positive-deactive,frame_005019.PNG
positive-active,positive-deactive,frame_005020.PNG
positive-active,positive-deactive,frame_005021.PNG
positive-active,positive-active,frame_005022.PNG
positive-active,positive-active,frame_005023.PNG
positive-active,positive-active,frame_005024.PNG
positive-active,positive-active,frame_005025.PNG
positive-active,positive-active,frame_005026.PNG
positive-active,positive-active,frame_005027.PNG
positive-active,positive-active,frame_005028.PNG
positive-active,positive-active,frame_005029.PNG
positive-active,positive-active,frame_005030.PNG
positive-active,positive-active,frame_005031.PNG
positive-active,positive-active,frame_005032.PNG
positive-active,positive-active,frame_005033.PNG
positive-active,positive-active,frame_005034.PNG
positive-active,positive-active,frame_005035.PNG
positive-active,positive-active,frame_005036.PNG
positive-active,positive-active,frame_005037.PNG
positive-active,positive-active,frame_005038.PNG
positive-active,negative-deactive,frame_005048.PNG
positive-active,negative-deactive,frame_005049.PNG
neutral,negative-deactive,frame_005050.PNG
neutral,negative-deactive,frame_005051.PNG
negative-deactive,negative-deactive,frame_005052.PNG
negative-deactive,negative-deactive,frame_005053.PNG
negative-deactive,negative-deactive,frame_005054.PNG
negative-active,negative-deactive,frame_005055.PNG
negative-active,negative-deactive,frame_005056.PNG
negative-active,negative-deactive,frame_005057.PNG
negative-active,negative-deactive,frame_005058.PNG
negative-active,negative-deactive,frame_005059.PNG
negative-active,negative-deactive,frame_005060.PNG
negative-active,negative-deactive,frame_005061.PNG
negative-active,negative-deactive,frame_005062.PNG
negative-deactive,negative-deactive,frame_005063.PNG
negative-deactive,negative-deactive,frame_005064.PNG
negative-deactive,negative-deactive,frame_005065.PNG
negative-deactive,negative-deactive,frame_005066.PNG
negative-deactive,negative-deactive,frame_005067.PNG
negative-deactive,negative-deactive,frame_005068.PNG
negative-deactive,negative-deactive,frame_005069.PNG
negative-deactive,negative-active,frame_005070.PNG
negative-deactive,negative-active,frame_005071.PNG
negative-deactive,negative-active,frame_005072.PNG
negative-deactive,negative-active,frame_005073.PNG
neutral,negative-active,frame_005074.PNG
neutral,negative-active,frame_005075.PNG
neutral,negative-active,frame_005076.PNG
neutral,negative-active,frame_005077.PNG
neutral,negative-active,frame_005078.PNG
neutral,negative-active,frame_005079.PNG
negative-deactive,negative-active,frame_005080.PNG
negative-deactive,negative-active,frame_005081.PNG
negative-deactive,negative-deactive,frame_005089.PNG
negative-deactive,negative-deactive,frame_005090.PNG
negative-deactive,negative-deactive,frame_005091.PNG
negative-deactive,negative-deactive,frame_005092.PNG
negative-deactive,negative-deactive,frame_005093.PNG
negative-deactive,negative-deactive,frame_005094.PNG
negative-deactive,negative-deactive,frame_005095.PNG
negative-deactive,negative-deactive,frame_005096.PNG
negative-deactive,negative-deactive,frame_005097.PNG
negative-deactive,negative-deactive,frame_005098.PNG
negative-deactive,negative-deactive,frame_005099.PNG
negative-deactive,negative-deactive,frame_005100.PNG
negative-deactive,negative-deactive,frame_005101.PNG
negative-deactive,negative-deactive,frame_005102.PNG
negative-deactive,negative-deactive,frame_005103.PNG
negative-deactive,negative-deactive,frame_005104.PNG
negative-deactive,negative-deactive,frame_005105.PNG
negative-deactive,negative-deactive,frame_005106.PNG
negative-deactive,negative-deactive,frame_005107.PNG
negative-deactive,negative-deactive,frame_005108.PNG
negative-deactive,negative-deactive,frame_005109.PNG
negative-deactive,negative-deactive,frame_005110.PNG
negative-deactive,negative-deactive,frame_005116.PNG
negative-deactive,negative-deactive,frame_005117.PNG
negative-deactive,negative-deactive,frame_005118.PNG
negative-deactive,negative-deactive,frame_005119.PNG
negative-deactive,negative-deactive,frame_005120.PNG
negative-deactive,negative-deactive,frame_005121.PNG
negative-deactive,negative-deactive,frame_005122.PNG
negative-deactive,negative-deactive,frame_005123.PNG
negative-deactive,negative-deactive,frame_005124.PNG
negative-deactive,negative-deactive,frame_005125.PNG
negative-deactive,negative-deactive,frame_005126.PNG
negative-deactive,negative-deactive,frame_005127.PNG
negative-active,negative-active,frame_005128.PNG
negative-active,negative-active,frame_005129.PNG
negative-active,negative-active,frame_005130.PNG
negative-active,negative-active,frame_005131.PNG
negative-active,negative-active,frame_005132.PNG
negative-active,negative-active,frame_005133.PNG
negative-active,negative-active,frame_005134.PNG
negative-active,negative-active,frame_005135.PNG
negative-active,negative-active,frame_005136.PNG
negative-active,negative-deactive,frame_005137.PNG
negative-deactive,negative-deactive,frame_005138.PNG
negative-deactive,negative-deactive,frame_005139.PNG
negative-active,negative-deactive,frame_005140.PNG
negative-active,negative-deactive,frame_005141.PNG
negative-active,negative-deactive,frame_005142.PNG
negative-active,negative-deactive,frame_005143.PNG
negative-active,negative-deactive,frame_005144.PNG
negative-active,negative-deactive,frame_005145.PNG
negative-active,negative-deactive,frame_005146.PNG
negative-active,negative-deactive,frame_005147.PNG
negative-active,negative-deactive,frame_005148.PNG
negative-active,negative-deactive,frame_005149.PNG
negative-active,negative-deactive,frame_005150.PNG
negative-active,negative-deactive,frame_005151.PNG
negative-deactive,negative-deactive,frame_005157.PNG
negative-deactive,negative-deactive,frame_005158.PNG
negative-deactive,negative-deactive,frame_005159.PNG
negative-deactive,negative-deactive,frame_005160.PNG
negative-deactive,negative-deactive,frame_005161.PNG
negative-deactive,negative-deactive,frame_005162.PNG
neutral,negative-deactive,frame_005163.PNG
neutral,negative-deactive,frame_005164.PNG
neutral,negative-deactive,frame_005165.PNG
neutral,negative-deactive,frame_005166.PNG
neutral,negative-deactive,frame_005167.PNG
neutral,negative-deactive,frame_005168.PNG
neutral,negative-deactive,frame_005169.PNG
neutral,negative-deactive,frame_005170.PNG
neutral,negative-deactive,frame_005171.PNG
neutral,negative-deactive,frame_005172.PNG
neutral,negative-deactive,frame_005173.PNG
negative-deactive,negative-deactive,frame_005177.PNG
negative-deactive,negative-deactive,frame_005178.PNG
negative-deactive,negative-deactive,frame_005179.PNG
negative-deactive,negative-deactive,frame_005180.PNG
negative-deactive,negative-deactive,frame_005181.PNG
negative-deactive,negative-deactive,frame_005182.PNG
negative-active,negative-deactive,frame_005183.PNG
negative-active,negative-deactive,frame_005184.PNG
negative-active,negative-deactive,frame_005185.PNG
negative-active,negative-deactive,frame_005186.PNG
negative-active,negative-deactive,frame_005187.PNG
negative-active,negative-deactive,frame_005188.PNG
negative-active,negative-deactive,frame_005189.PNG
negative-active,negative-deactive,frame_005190.PNG
negative-active,negative-deactive,frame_005191.PNG
negative-active,negative-deactive,frame_005192.PNG
negative-active,negative-deactive,frame_005193.PNG
negative-active,negative-deactive,frame_005194.PNG
negative-active,negative-deactive,frame_005195.PNG
negative-active,negative-deactive,frame_005196.PNG
negative-active,negative-deactive,frame_005197.PNG
negative-active,negative-deactive,frame_005198.PNG
negative-active,negative-deactive,frame_005199.PNG
negative-active,negative-deactive,frame_005200.PNG
negative-active,negative-deactive,frame_005201.PNG
negative-active,negative-deactive,frame_005202.PNG
negative-active,negative-deactive,frame_005203.PNG
negative-active,negative-deactive,frame_005204.PNG
negative-active,negative-deactive,frame_005205.PNG
negative-active,negative-deactive,frame_005206.PNG
neutral,negative-deactive,frame_005207.PNG
neutral,negative-deactive,frame_005208.PNG
neutral,negative-active,frame_005209.PNG
neutral,negative-active,frame_005210.PNG
neutral,negative-active,frame_005211.PNG
neutral,negative-active,frame_005212.PNG
neutral,negative-active,frame_005213.PNG
positive-deactive,negative-deactive,frame_005222.PNG
negative-deactive,negative-deactive,frame_005223.PNG
negative-deactive,negative-deactive,frame_005224.PNG
negative-deactive,negative-deactive,frame_005225.PNG
negative-deactive,negative-deactive,frame_005226.PNG
negative-deactive,negative-deactive,frame_005227.PNG
negative-deactive,negative-deactive,frame_005228.PNG
negative-deactive,negative-deactive,frame_005229.PNG
negative-deactive,negative-deactive,frame_005230.PNG
negative-deactive,negative-deactive,frame_005231.PNG
negative-deactive,negative-deactive,frame_005232.PNG
negative-deactive,negative-deactive,frame_005233.PNG
negative-deactive,negative-deactive,frame_005234.PNG
negative-deactive,negative-deactive,frame_005235.PNG
negative-deactive,negative-deactive,frame_005236.PNG
negative-deactive,negative-deactive,frame_005237.PNG
negative-deactive,negative-deactive,frame_005238.PNG
negative-deactive,negative-deactive,frame_005239.PNG
negative-deactive,negative-deactive,frame_005240.PNG
negative-deactive,negative-deactive,frame_005241.PNG
negative-deactive,negative-deactive,frame_005248.PNG
negative-deactive,negative-deactive,frame_005249.PNG
negative-deactive,negative-deactive,frame_005250.PNG
negative-deactive,negative-deactive,frame_005251.PNG
negative-deactive,negative-deactive,frame_005252.PNG
negative-deactive,negative-deactive,frame_005253.PNG
negative-deactive,negative-deactive,frame_005254.PNG
negative-deactive,negative-deactive,frame_005255.PNG
negative-deactive,negative-deactive,frame_005256.PNG
negative-deactive,negative-deactive,frame_005257.PNG
negative-deactive,negative-deactive,frame_005258.PNG
negative-deactive,negative-deactive,frame_005259.PNG
negative-deactive,negative-deactive,frame_005260.PNG
negative-deactive,negative-deactive,frame_005261.PNG
negative-deactive,negative-deactive,frame_005262.PNG
negative-deactive,negative-deactive,frame_005263.PNG
negative-deactive,negative-deactive,frame_005264.PNG
negative-deactive,negative-deactive,frame_005265.PNG
negative-deactive,negative-deactive,frame_005266.PNG
negative-deactive,negative-deactive,frame_005267.PNG
negative-deactive,negative-deactive,frame_005268.PNG
negative-deactive,negative-deactive,frame_005269.PNG
negative-deactive,negative-deactive,frame_005270.PNG
negative-active,negative-deactive,frame_005275.PNG
negative-active,negative-deactive,frame_005276.PNG
negative-active,negative-deactive,frame_005277.PNG
negative-active,negative-deactive,frame_005278.PNG
negative-active,negative-deactive,frame_005279.PNG
negative-active,negative-deactive,frame_005280.PNG
negative-active,negative-deactive,frame_005281.PNG
negative-active,negative-deactive,frame_005282.PNG
negative-active,negative-deactive,frame_005283.PNG
negative-active,negative-deactive,frame_005284.PNG
negative-active,negative-deactive,frame_005285.PNG
negative-active,negative-deactive,frame_005286.PNG
negative-active,negative-deactive,frame_005287.PNG
negative-active,negative-deactive,frame_005288.PNG
negative-active,negative-deactive,frame_005289.PNG
negative-active,negative-deactive,frame_005290.PNG
negative-active,negative-deactive,frame_005291.PNG
negative-active,negative-deactive,frame_005292.PNG
negative-active,negative-deactive,frame_005293.PNG
negative-active,negative-deactive,frame_005294.PNG
negative-active,negative-deactive,frame_005295.PNG
negative-active,negative-deactive,frame_005296.PNG
negative-active,negative-deactive,frame_005297.PNG
negative-deactive,negative-deactive,frame_005308.PNG
negative-deactive,negative-deactive,frame_005309.PNG
negative-deactive,negative-deactive,frame_005310.PNG
negative-deactive,negative-deactive,frame_005311.PNG
negative-deactive,negative-deactive,frame_005312.PNG
negative-deactive,negative-deactive,frame_005313.PNG
negative-deactive,negative-deactive,frame_005314.PNG
negative-deactive,negative-deactive,frame_005315.PNG
negative-deactive,negative-deactive,frame_005316.PNG
negative-deactive,negative-deactive,frame_005317.PNG
negative-deactive,negative-deactive,frame_005318.PNG
negative-deactive,negative-deactive,frame_005328.PNG
negative-deactive,negative-deactive,frame_005329.PNG
negative-deactive,negative-deactive,frame_005330.PNG
negative-deactive,negative-deactive,frame_005331.PNG
negative-deactive,negative-deactive,frame_005332.PNG
negative-deactive,negative-deactive,frame_005333.PNG
negative-deactive,negative-deactive,frame_005334.PNG
negative-deactive,negative-deactive,frame_005335.PNG
negative-deactive,negative-deactive,frame_005336.PNG
negative-deactive,negative-deactive,frame_005337.PNG
negative-deactive,negative-deactive,frame_005338.PNG
negative-deactive,negative-deactive,frame_005339.PNG
negative-deactive,negative-deactive,frame_005340.PNG
negative-active,negative-deactive,frame_005341.PNG
negative-active,negative-deactive,frame_005342.PNG
negative-active,negative-deactive,frame_005343.PNG
negative-active,negative-deactive,frame_005344.PNG
negative-active,negative-deactive,frame_005345.PNG
negative-active,negative-deactive,frame_005346.PNG
negative-active,negative-deactive,frame_005347.PNG
negative-active,negative-deactive,frame_005348.PNG
negative-active,negative-deactive,frame_005349.PNG
negative-active,negative-deactive,frame_005350.PNG
negative-active,negative-deactive,frame_005351.PNG
negative-deactive,negative-deactive,frame_005357.PNG
negative-deactive,negative-deactive,frame_005358.PNG
negative-deactive,negative-deactive,frame_005359.PNG
negative-deactive,negative-deactive,frame_005360.PNG
negative-deactive,negative-deactive,frame_005361.PNG
negative-deactive,negative-deactive,frame_005362.PNG
negative-deactive,negative-deactive,frame_005363.PNG
negative-deactive,negative-deactive,frame_005364.PNG
negative-deactive,negative-deactive,frame_005365.PNG
negative-deactive,negative-deactive,frame_005366.PNG
negative-deactive,negative-deactive,frame_005367.PNG
negative-deactive,negative-deactive,frame_005368.PNG
negative-deactive,negative-deactive,frame_005369.PNG
negative-deactive,negative-deactive,frame_005370.PNG
negative-deactive,negative-deactive,frame_005371.PNG
negative-deactive,negative-deactive,frame_005372.PNG
negative-deactive,negative-deactive,frame_005373.PNG
negative-deactive,negative-deactive,frame_005374.PNG
negative-deactive,negative-deactive,frame_005375.PNG
negative-deactive,negative-deactive,frame_005380.PNG
negative-deactive,negative-deactive,frame_005381.PNG
negative-deactive,negative-deactive,frame_005382.PNG
negative-deactive,negative-deactive,frame_005383.PNG
negative-deactive,negative-deactive,frame_005384.PNG
negative-deactive,negative-deactive,frame_005385.PNG
neutral,negative-deactive,frame_005386.PNG
neutral,negative-deactive,frame_005387.PNG
neutral,negative-deactive,frame_005388.PNG
neutral,negative-deactive,frame_005389.PNG
neutral,negative-deactive,frame_005390.PNG
neutral,negative-deactive,frame_005391.PNG
neutral,negative-deactive,frame_005392.PNG
neutral,negative-deactive,frame_005393.PNG
neutral,negative-deactive,frame_005394.PNG
neutral,negative-deactive,frame_005395.PNG
negative-deactive,negative-deactive,frame_005396.PNG
negative-deactive,negative-deactive,frame_005404.PNG
negative-deactive,negative-deactive,frame_005405.PNG
negative-deactive,negative-deactive,frame_005406.PNG
negative-deactive,negative-deactive,frame_005407.PNG
negative-deactive,negative-deactive,frame_005408.PNG
negative-deactive,negative-deactive,frame_005409.PNG
negative-deactive,negative-deactive,frame_005410.PNG
negative-deactive,negative-deactive,frame_005411.PNG
negative-deactive,negative-deactive,frame_005412.PNG
negative-deactive,negative-deactive,frame_005413.PNG
negative-deactive,negative-deactive,frame_005414.PNG
negative-deactive,negative-deactive,frame_005415.PNG
negative-deactive,negative-deactive,frame_005416.PNG
negative-deactive,negative-deactive,frame_005417.PNG
neutral,negative-deactive,frame_005418.PNG
neutral,negative-deactive,frame_005419.PNG
neutral,negative-deactive,frame_005420.PNG
neutral,negative-deactive,frame_005421.PNG
neutral,negative-deactive,frame_005422.PNG
neutral,negative-deactive,frame_005423.PNG
neutral,negative-deactive,frame_005424.PNG
neutral,negative-deactive,frame_005425.PNG
neutral,negative-deactive,frame_005426.PNG
neutral,negative-deactive,frame_005427.PNG
negative-deactive,negative-deactive,frame_005438.PNG
negative-deactive,negative-deactive,frame_005439.PNG
negative-deactive,negative-deactive,frame_005440.PNG
negative-deactive,negative-deactive,frame_005441.PNG
negative-deactive,negative-deactive,frame_005442.PNG
negative-deactive,negative-deactive,frame_005443.PNG
negative-deactive,negative-deactive,frame_005444.PNG
negative-deactive,negative-deactive,frame_005445.PNG
negative-deactive,negative-deactive,frame_005446.PNG
negative-deactive,negative-deactive,frame_005447.PNG
negative-deactive,negative-deactive,frame_005448.PNG
negative-deactive,negative-deactive,frame_005449.PNG
negative-deactive,negative-deactive,frame_005450.PNG
negative-deactive,negative-deactive,frame_005451.PNG
negative-deactive,negative-deactive,frame_005452.PNG
negative-deactive,negative-deactive,frame_005453.PNG
negative-deactive,negative-deactive,frame_005454.PNG
negative-deactive,negative-deactive,frame_005455.PNG
negative-deactive,negative-deactive,frame_005456.PNG
negative-deactive,negative-deactive,frame_005457.PNG
negative-deactive,negative-deactive,frame_005458.PNG
negative-deactive,negative-deactive,frame_005459.PNG
negative-deactive,negative-deactive,frame_005460.PNG
negative-deactive,negative-deactive,frame_005461.PNG
negative-deactive,negative-deactive,frame_005462.PNG
neutral,negative-deactive,frame_005463.PNG
neutral,negative-deactive,frame_005464.PNG
neutral,negative-deactive,frame_005465.PNG
neutral,negative-deactive,frame_005466.PNG
neutral,negative-deactive,frame_005467.PNG
neutral,negative-deactive,frame_005468.PNG
positive-deactive,negative-deactive,frame_005469.PNG
positive-deactive,negative-deactive,frame_005470.PNG
positive-deactive,negative-deactive,frame_005471.PNG
negative-deactive,negative-deactive,frame_005472.PNG
negative-deactive,negative-deactive,frame_005473.PNG
negative-deactive,negative-deactive,frame_005474.PNG
negative-deactive,negative-deactive,frame_005475.PNG
negative-deactive,negative-deactive,frame_005476.PNG
negative-deactive,negative-deactive,frame_005477.PNG
positive-active,negative-deactive,frame_005478.PNG
positive-active,negative-deactive,frame_005479.PNG
positive-active,negative-deactive,frame_005480.PNG
positive-active,negative-deactive,frame_005481.PNG
positive-active,negative-deactive,frame_005482.PNG
positive-active,negative-deactive,frame_005483.PNG
positive-active,negative-deactive,frame_005484.PNG
positive-active,negative-deactive,frame_005485.PNG
positive-active,negative-deactive,frame_005486.PNG
positive-active,negative-deactive,frame_005487.PNG
negative-active,negative-deactive,frame_005490.PNG
negative-active,negative-deactive,frame_005491.PNG
negative-active,negative-deactive,frame_005492.PNG
negative-active,negative-deactive,frame_005493.PNG
positive-deactive,negative-active,frame_005501.PNG
positive-deactive,negative-active,frame_005502.PNG
positive-deactive,negative-active,frame_005503.PNG
positive-deactive,negative-active,frame_005504.PNG
positive-active,negative-active,frame_005505.PNG
positive-active,negative-active,frame_005506.PNG
positive-active,negative-active,frame_005507.PNG
positive-deactive,negative-active,frame_005508.PNG
positive-deactive,negative-active,frame_005509.PNG
positive-deactive,negative-active,frame_005510.PNG
positive-deactive,negative-active,frame_005511.PNG
positive-deactive,negative-active,frame_005512.PNG
positive-deactive,negative-active,frame_005513.PNG
positive-deactive,negative-active,frame_005514.PNG
positive-deactive,negative-active,frame_005515.PNG
positive-deactive,negative-active,frame_005516.PNG
positive-deactive,negative-active,frame_005517.PNG
positive-deactive,negative-active,frame_005518.PNG
positive-active,positive-active,frame_005530.PNG
positive-deactive,negative-deactive,frame_005554.PNG
negative-deactive,negative-deactive,frame_005564.PNG
negative-deactive,negative-deactive,frame_005565.PNG
positive-deactive,negative-deactive,frame_005574.PNG
positive-deactive,positive-deactive,frame_005575.PNG
positive-deactive,positive-active,frame_005576.PNG
negative-active,positive-active,frame_005577.PNG
negative-active,positive-active,frame_005578.PNG
negative-active,positive-active,frame_005579.PNG
negative-active,positive-active,frame_005580.PNG
negative-active,positive-active,frame_005581.PNG
neutral,positive-active,frame_005592.PNG
neutral,positive-active,frame_005593.PNG
neutral,positive-active,frame_005594.PNG
neutral,negative-deactive,frame_005595.PNG
negative-active,negative-deactive,frame_005596.PNG
negative-active,negative-deactive,frame_005597.PNG
negative-active,negative-deactive,frame_005598.PNG
negative-active,negative-deactive,frame_005599.PNG
positive-active,negative-deactive,frame_005602.PNG
positive-active,negative-active,frame_005603.PNG
negative-deactive,negative-deactive,frame_005617.PNG
negative-deactive,negative-deactive,frame_005618.PNG
negative-deactive,negative-deactive,frame_005619.PNG
negative-deactive,negative-deactive,frame_005620.PNG
negative-deactive,negative-deactive,frame_005621.PNG
negative-deactive,negative-deactive,frame_005622.PNG
negative-deactive,negative-deactive,frame_005623.PNG
negative-deactive,negative-deactive,frame_005624.PNG
positive-deactive,negative-deactive,frame_005625.PNG
positive-deactive,negative-deactive,frame_005626.PNG
positive-deactive,negative-deactive,frame_005627.PNG
positive-deactive,negative-deactive,frame_005628.PNG
positive-deactive,negative-deactive,frame_005629.PNG
positive-deactive,negative-deactive,frame_005630.PNG
positive-deactive,negative-deactive,frame_005631.PNG
positive-deactive,negative-deactive,frame_005632.PNG
positive-deactive,negative-deactive,frame_005633.PNG
neutral,negative-deactive,frame_005634.PNG
neutral,negative-deactive,frame_005635.PNG
neutral,negative-deactive,frame_005636.PNG
neutral,negative-deactive,frame_005637.PNG
neutral,negative-deactive,frame_005638.PNG
neutral,negative-deactive,frame_005639.PNG
negative-active,positive-active,frame_005643.PNG
positive-deactive,positive-active,frame_005650.PNG
negative-deactive,positive-active,frame_005651.PNG
negative-deactive,negative-active,frame_005652.PNG
negative-deactive,negative-active,frame_005653.PNG
negative-deactive,negative-active,frame_005654.PNG
negative-deactive,negative-active,frame_005655.PNG
negative-deactive,negative-active,frame_005656.PNG
positive-active,negative-active,frame_005657.PNG
positive-active,negative-active,frame_005658.PNG
positive-active,negative-active,frame_005659.PNG
positive-active,negative-active,frame_005660.PNG
positive-active,negative-active,frame_005661.PNG
positive-active,negative-active,frame_005662.PNG
neutral,negative-active,frame_005663.PNG
neutral,negative-active,frame_005664.PNG
neutral,negative-active,frame_005665.PNG
neutral,negative-active,frame_005666.PNG
neutral,negative-active,frame_005667.PNG
neutral,negative-active,frame_005668.PNG
positive-active,negative-active,frame_005669.PNG
positive-deactive,negative-deactive,frame_005691.PNG
positive-deactive,negative-deactive,frame_005692.PNG
negative-deactive,negative-deactive,frame_005693.PNG
negative-deactive,negative-deactive,frame_005694.PNG
negative-deactive,negative-deactive,frame_005695.PNG
negative-deactive,negative-deactive,frame_005696.PNG
neutral,negative-deactive,frame_005697.PNG
neutral,negative-deactive,frame_005698.PNG
neutral,negative-deactive,frame_005699.PNG
neutral,negative-deactive,frame_005700.PNG
neutral,negative-deactive,frame_005701.PNG
neutral,negative-deactive,frame_005702.PNG
negative-active,negative-deactive,frame_005703.PNG
negative-active,negative-active,frame_005704.PNG
negative-deactive,negative-active,frame_005705.PNG
negative-deactive,negative-active,frame_005706.PNG
negative-deactive,negative-active,frame_005707.PNG
negative-deactive,negative-active,frame_005708.PNG
negative-active,negative-deactive,frame_005709.PNG
negative-active,negative-deactive,frame_005710.PNG
negative-active,negative-deactive,frame_005711.PNG
positive-active,positive-active,frame_005725.PNG
positive-active,positive-active,frame_005726.PNG
positive-active,positive-active,frame_005727.PNG
negative-deactive,positive-active,frame_005728.PNG
negative-deactive,positive-active,frame_005729.PNG
negative-deactive,positive-active,frame_005730.PNG
negative-deactive,positive-active,frame_005731.PNG
neutral,negative-deactive,frame_005732.PNG
neutral,negative-deactive,frame_005733.PNG
neutral,negative-deactive,frame_005734.PNG
negative-active,negative-active,frame_005735.PNG
negative-deactive,negative-active,frame_005736.PNG
negative-deactive,negative-deactive,frame_005740.PNG
negative-active,negative-deactive,frame_005741.PNG
negative-active,negative-deactive,frame_005742.PNG
negative-active,negative-deactive,frame_005743.PNG
negative-active,negative-deactive,frame_005744.PNG
negative-active,negative-deactive,frame_005745.PNG
negative-active,negative-deactive,frame_005746.PNG
negative-active,negative-deactive,frame_005747.PNG
negative-active,negative-active,frame_005751.PNG
negative-active,negative-active,frame_005752.PNG
negative-active,negative-active,frame_005753.PNG
negative-active,negative-active,frame_005754.PNG
negative-active,negative-active,frame_005755.PNG
negative-active,negative-active,frame_005756.PNG
positive-deactive,negative-deactive,frame_005761.PNG
positive-deactive,negative-deactive,frame_005762.PNG
positive-deactive,negative-deactive,frame_005763.PNG
negative-deactive,negative-deactive,frame_005764.PNG
negative-deactive,negative-deactive,frame_005765.PNG
negative-deactive,negative-active,frame_005766.PNG
negative-deactive,negative-active,frame_005767.PNG
negative-deactive,negative-active,frame_005768.PNG
negative-deactive,negative-active,frame_005769.PNG
negative-active,negative-active,frame_005770.PNG
negative-active,negative-active,frame_005771.PNG
negative-active,negative-active,frame_005772.PNG
negative-active,negative-active,frame_005773.PNG
negative-active,negative-active,frame_005774.PNG
negative-active,negative-active,frame_005775.PNG
negative-active,negative-active,frame_005776.PNG
negative-active,negative-active,frame_005777.PNG
negative-active,negative-active,frame_005778.PNG
neutral,negative-active,frame_005779.PNG
neutral,negative-active,frame_005780.PNG
negative-deactive,negative-active,frame_005784.PNG
negative-deactive,negative-active,frame_005785.PNG
negative-deactive,negative-active,frame_005786.PNG
negative-deactive,negative-active,frame_005787.PNG
negative-active,negative-deactive,frame_005788.PNG
negative-active,negative-deactive,frame_005789.PNG
negative-active,negative-deactive,frame_005790.PNG
negative-active,negative-deactive,frame_005791.PNG
negative-active,negative-deactive,frame_005792.PNG
negative-active,negative-deactive,frame_005793.PNG
negative-active,negative-deactive,frame_005794.PNG
negative-active,negative-deactive,frame_005795.PNG
negative-active,negative-deactive,frame_005796.PNG
negative-active,negative-deactive,frame_005797.PNG
negative-active,negative-deactive,frame_005798.PNG
negative-active,negative-active,frame_005799.PNG
negative-active,negative-active,frame_005800.PNG
negative-active,negative-active,frame_005801.PNG
negative-active,negative-active,frame_005802.PNG
negative-active,negative-active,frame_005803.PNG
negative-active,negative-active,frame_005804.PNG
negative-active,negative-active,frame_005805.PNG
negative-active,negative-active,frame_005808.PNG
negative-active,negative-active,frame_005809.PNG
negative-active,negative-active,frame_005810.PNG
negative-active,negative-active,frame_005811.PNG
negative-active,negative-active,frame_005812.PNG
neutral,negative-active,frame_005823.PNG
negative-active,negative-active,frame_005824.PNG
negative-active,negative-active,frame_005825.PNG
negative-active,negative-active,frame_005826.PNG
negative-active,negative-active,frame_005827.PNG
neutral,negative-active,frame_005828.PNG
positive-active,negative-active,frame_005829.PNG
positive-active,negative-active,frame_005830.PNG
positive-active,negative-active,frame_005831.PNG
positive-active,negative-active,frame_005832.PNG
positive-active,negative-active,frame_005833.PNG
positive-active,negative-active,frame_005834.PNG
positive-active,negative-active,frame_005835.PNG
positive-deactive,negative-active,frame_005848.PNG
negative-deactive,negative-active,frame_005849.PNG
negative-deactive,negative-active,frame_005850.PNG
negative-deactive,negative-active,frame_005851.PNG
negative-deactive,negative-active,frame_005852.PNG
negative-active,negative-active,frame_005853.PNG
negative-active,negative-active,frame_005854.PNG
negative-active,negative-active,frame_005855.PNG
positive-deactive,negative-active,frame_005862.PNG
positive-deactive,negative-active,frame_005863.PNG
positive-active,negative-active,frame_005864.PNG
positive-active,negative-active,frame_005865.PNG
positive-active,negative-active,frame_005866.PNG
positive-active,negative-active,frame_005867.PNG
negative-active,negative-active,frame_005868.PNG
negative-active,negative-active,frame_005869.PNG
negative-active,negative-active,frame_005870.PNG
negative-active,negative-active,frame_005871.PNG
negative-active,negative-active,frame_005872.PNG
negative-active,negative-active,frame_005873.PNG
negative-active,negative-active,frame_005874.PNG
negative-active,negative-active,frame_005875.PNG
negative-active,negative-active,frame_005876.PNG
negative-active,negative-active,frame_005877.PNG
negative-active,negative-active,frame_005878.PNG
positive-active,negative-active,frame_005879.PNG
positive-active,negative-active,frame_005880.PNG
positive-active,negative-active,frame_005881.PNG
positive-active,negative-active,frame_005882.PNG
positive-active,negative-active,frame_005883.PNG
positive-active,negative-active,frame_005884.PNG
positive-active,negative-active,frame_005885.PNG
positive-active,negative-active,frame_005886.PNG
positive-active,negative-active,frame_005887.PNG
negative-deactive,negative-active,frame_005888.PNG
negative-deactive,negative-active,frame_005889.PNG
negative-deactive,negative-active,frame_005890.PNG
negative-deactive,negative-active,frame_005891.PNG
negative-deactive,negative-active,frame_005892.PNG
negative-deactive,negative-active,frame_005893.PNG
negative-deactive,negative-active,frame_005894.PNG
negative-deactive,negative-active,frame_005895.PNG
negative-deactive,negative-active,frame_005896.PNG
negative-deactive,positive-active,frame_005897.PNG
negative-active,positive-active,frame_005898.PNG
negative-active,positive-active,frame_005899.PNG
negative-active,positive-active,frame_005900.PNG
negative-active,positive-active,frame_005901.PNG
positive-active,positive-active,frame_005902.PNG
positive-active,positive-active,frame_005903.PNG
positive-active,positive-active,frame_005904.PNG
positive-active,positive-active,frame_005905.PNG
positive-active,positive-active,frame_005906.PNG
positive-active,positive-active,frame_005907.PNG
neutral,positive-active,frame_005908.PNG
neutral,positive-active,frame_005909.PNG
positive-deactive,positive-active,frame_005921.PNG
negative-deactive,positive-active,frame_005928.PNG
negative-deactive,positive-active,frame_005929.PNG
negative-deactive,positive-active,frame_005930.PNG
negative-deactive,positive-active,frame_005931.PNG
negative-deactive,positive-active,frame_005932.PNG
negative-deactive,positive-active,frame_005933.PNG
negative-deactive,negative-deactive,frame_006048.PNG
negative-deactive,negative-deactive,frame_006049.PNG
negative-deactive,negative-active,frame_006050.PNG
negative-deactive,negative-active,frame_006051.PNG
negative-active,negative-active,frame_006052.PNG
negative-active,negative-active,frame_006053.PNG
negative-active,negative-active,frame_006054.PNG
negative-active,negative-active,frame_006055.PNG
negative-active,negative-active,frame_006056.PNG
negative-active,negative-active,frame_006057.PNG
negative-active,negative-active,frame_006058.PNG
negative-active,negative-active,frame_006059.PNG
negative-active,negative-active,frame_006060.PNG
negative-active,negative-active,frame_006061.PNG
negative-active,negative-active,frame_006062.PNG
negative-active,negative-active,frame_006068.PNG
negative-active,negative-active,frame_006069.PNG
negative-active,negative-active,frame_006070.PNG
negative-active,negative-active,frame_006071.PNG
neutral,negative-deactive,frame_006077.PNG
neutral,negative-deactive,frame_006078.PNG
neutral,negative-deactive,frame_006079.PNG
neutral,negative-deactive,frame_006080.PNG
neutral,negative-deactive,frame_006081.PNG
negative-active,negative-deactive,frame_006082.PNG
negative-active,negative-deactive,frame_006083.PNG
negative-active,negative-deactive,frame_006084.PNG
negative-active,negative-deactive,frame_006085.PNG
negative-active,negative-deactive,frame_006086.PNG
positive-deactive,negative-deactive,frame_006094.PNG
positive-deactive,negative-deactive,frame_006095.PNG
positive-deactive,negative-deactive,frame_006096.PNG
positive-deactive,negative-deactive,frame_006097.PNG
positive-active,negative-deactive,frame_006098.PNG
positive-active,negative-deactive,frame_006099.PNG
positive-active,negative-deactive,frame_006100.PNG
positive-active,negative-deactive,frame_006101.PNG
positive-deactive,positive-active,frame_006108.PNG
positive-deactive,positive-active,frame_006109.PNG
positive-deactive,positive-active,frame_006110.PNG
positive-active,positive-active,frame_006111.PNG
positive-active,positive-active,frame_006112.PNG
positive-active,positive-active,frame_006113.PNG
negative-deactive,positive-active,frame_006114.PNG
negative-deactive,positive-active,frame_006115.PNG
negative-deactive,positive-active,frame_006116.PNG
negative-deactive,positive-active,frame_006117.PNG
negative-deactive,positive-active,frame_006118.PNG
negative-deactive,positive-active,frame_006119.PNG
negative-deactive,positive-active,frame_006120.PNG
negative-deactive,negative-active,frame_006121.PNG
negative-deactive,negative-active,frame_006122.PNG
negative-deactive,negative-active,frame_006123.PNG
negative-active,negative-active,frame_006124.PNG
negative-active,negative-active,frame_006125.PNG
negative-active,negative-active,frame_006126.PNG
negative-active,negative-active,frame_006127.PNG
negative-active,negative-active,frame_006128.PNG
negative-active,negative-active,frame_006129.PNG
negative-active,negative-active,frame_006130.PNG
negative-deactive,negative-active,frame_006151.PNG
negative-deactive,negative-active,frame_006152.PNG
negative-deactive,negative-active,frame_006153.PNG
negative-deactive,negative-active,frame_006154.PNG
negative-deactive,negative-active,frame_006155.PNG
negative-deactive,negative-active,frame_006156.PNG
negative-deactive,negative-active,frame_006157.PNG
negative-deactive,negative-active,frame_006158.PNG
negative-deactive,negative-active,frame_006159.PNG
negative-deactive,negative-active,frame_006160.PNG
negative-active,negative-active,frame_006168.PNG
negative-active,negative-active,frame_006169.PNG
negative-active,negative-active,frame_006170.PNG
negative-active,negative-active,frame_006171.PNG
negative-active,negative-active,frame_006172.PNG
negative-active,negative-active,frame_006173.PNG
negative-active,negative-active,frame_006174.PNG
negative-active,negative-active,frame_006175.PNG
negative-active,negative-active,frame_006176.PNG
negative-active,negative-active,frame_006177.PNG
negative-active,negative-active,frame_006178.PNG
negative-active,negative-active,frame_006179.PNG
negative-active,negative-active,frame_006180.PNG
negative-active,negative-active,frame_006181.PNG
negative-active,negative-active,frame_006182.PNG
negative-active,negative-active,frame_006183.PNG
negative-active,negative-active,frame_006184.PNG
negative-active,negative-active,frame_006185.PNG
negative-active,negative-active,frame_006186.PNG
negative-active,negative-active,frame_006187.PNG
negative-active,negative-active,frame_006188.PNG
negative-active,negative-active,frame_006189.PNG
negative-active,negative-active,frame_006190.PNG
negative-active,negative-active,frame_006191.PNG
negative-active,negative-active,frame_006192.PNG
negative-active,negative-active,frame_006193.PNG
negative-active,negative-active,frame_006194.PNG
positive-deactive,negative-deactive,frame_006195.PNG
positive-deactive,negative-deactive,frame_006196.PNG
positive-deactive,negative-deactive,frame_006197.PNG
positive-active,negative-deactive,frame_006198.PNG
positive-active,negative-deactive,frame_006199.PNG
positive-active,negative-deactive,frame_006200.PNG
positive-deactive,negative-deactive,frame_006206.PNG
negative-deactive,negative-deactive,frame_006207.PNG
negative-deactive,negative-deactive,frame_006208.PNG
negative-deactive,negative-deactive,frame_006209.PNG
negative-deactive,negative-deactive,frame_006210.PNG
negative-deactive,negative-deactive,frame_006211.PNG
negative-deactive,negative-deactive,frame_006212.PNG
negative-deactive,negative-deactive,frame_006213.PNG
negative-deactive,negative-deactive,frame_006214.PNG
neutral,negative-deactive,frame_006215.PNG
negative-active,negative-deactive,frame_006216.PNG
negative-active,negative-deactive,frame_006217.PNG
negative-active,negative-deactive,frame_006218.PNG
negative-active,negative-active,frame_006219.PNG
neutral,negative-deactive,frame_006225.PNG
negative-active,negative-deactive,frame_006226.PNG
negative-active,negative-deactive,frame_006227.PNG
negative-active,negative-active,frame_006228.PNG
negative-active,negative-active,frame_006229.PNG
negative-active,negative-active,frame_006230.PNG
neutral,negative-active,frame_006231.PNG
neutral,negative-active,frame_006232.PNG
negative-active,negative-active,frame_006236.PNG
negative-active,negative-active,frame_006237.PNG
negative-active,negative-active,frame_006238.PNG
negative-active,negative-active,frame_006239.PNG
negative-active,negative-active,frame_006240.PNG
negative-active,negative-active,frame_006241.PNG
negative-active,negative-active,frame_006242.PNG
negative-active,negative-active,frame_006243.PNG
negative-active,negative-active,frame_006244.PNG
negative-active,negative-active,frame_006245.PNG
negative-active,negative-active,frame_006246.PNG
negative-active,negative-active,frame_006247.PNG
positive-active,negative-active,frame_006248.PNG
positive-active,negative-active,frame_006249.PNG
positive-active,negative-active,frame_006250.PNG
positive-active,negative-active,frame_006251.PNG
positive-active,negative-active,frame_006252.PNG
negative-active,negative-active,frame_006253.PNG
negative-active,negative-active,frame_006254.PNG
negative-active,negative-active,frame_006255.PNG
negative-active,negative-active,frame_006256.PNG
negative-active,negative-active,frame_006257.PNG
negative-active,negative-active,frame_006258.PNG
negative-active,negative-active,frame_006259.PNG
negative-active,negative-active,frame_006260.PNG
negative-active,negative-active,frame_006261.PNG
negative-active,negative-active,frame_006262.PNG
negative-active,negative-active,frame_006263.PNG
negative-active,negative-active,frame_006264.PNG
negative-active,negative-active,frame_006265.PNG
negative-active,negative-active,frame_006266.PNG
neutral,negative-active,frame_006267.PNG
neutral,negative-active,frame_006268.PNG
neutral,negative-active,frame_006269.PNG
positive-deactive,negative-deactive,frame_006277.PNG
positive-deactive,negative-deactive,frame_006278.PNG
positive-deactive,negative-active,frame_006279.PNG
positive-deactive,negative-active,frame_006280.PNG
positive-deactive,negative-active,frame_006281.PNG
positive-deactive,negative-active,frame_006282.PNG
positive-deactive,negative-active,frame_006283.PNG
negative-active,negative-active,frame_006284.PNG
negative-active,negative-active,frame_006285.PNG
negative-active,negative-active,frame_006286.PNG
negative-active,negative-active,frame_006287.PNG
negative-active,negative-active,frame_006288.PNG
negative-active,negative-active,frame_006289.PNG
negative-active,negative-active,frame_006290.PNG
negative-active,negative-active,frame_006291.PNG
negative-active,negative-active,frame_006292.PNG
negative-active,negative-active,frame_006293.PNG
negative-active,negative-active,frame_006294.PNG
negative-active,negative-active,frame_006295.PNG
negative-active,negative-active,frame_006296.PNG
negative-active,negative-active,frame_006297.PNG
negative-active,negative-active,frame_006298.PNG
neutral,negative-active,frame_006303.PNG
neutral,negative-active,frame_006304.PNG
neutral,negative-active,frame_006305.PNG
negative-active,negative-active,frame_006306.PNG
negative-active,negative-active,frame_006307.PNG
negative-active,negative-active,frame_006308.PNG
negative-active,negative-active,frame_006309.PNG
positive-active,negative-active,frame_006310.PNG
positive-active,negative-active,frame_006311.PNG
neutral,negative-active,frame_006312.PNG
neutral,negative-active,frame_006313.PNG
neutral,negative-active,frame_006314.PNG
negative-active,negative-active,frame_006315.PNG
negative-active,negative-active,frame_006316.PNG
negative-active,negative-active,frame_006317.PNG
negative-active,negative-active,frame_006318.PNG
negative-active,negative-active,frame_006319.PNG
negative-active,negative-active,frame_006320.PNG
neutral,negative-active,frame_006321.PNG
neutral,negative-active,frame_006322.PNG
neutral,negative-active,frame_006323.PNG
negative-active,negative-active,frame_006324.PNG
negative-active,negative-active,frame_006325.PNG
neutral,negative-active,frame_006332.PNG
neutral,negative-active,frame_006333.PNG
neutral,negative-active,frame_006334.PNG
negative-active,negative-active,frame_006335.PNG
negative-active,negative-active,frame_006336.PNG
negative-active,negative-active,frame_006337.PNG
negative-active,negative-active,frame_006338.PNG
negative-active,negative-active,frame_006339.PNG
negative-active,negative-active,frame_006340.PNG
negative-active,negative-active,frame_006341.PNG
negative-active,negative-active,frame_006342.PNG
negative-active,negative-active,frame_006343.PNG
positive-deactive,negative-active,frame_006346.PNG
positive-deactive,negative-active,frame_006347.PNG
negative-deactive,negative-active,frame_006358.PNG
negative-deactive,negative-active,frame_006359.PNG
negative-deactive,negative-active,frame_006360.PNG
negative-deactive,negative-active,frame_006361.PNG
negative-deactive,negative-active,frame_006362.PNG
negative-deactive,negative-active,frame_006363.PNG
negative-deactive,negative-active,frame_006364.PNG
negative-deactive,negative-active,frame_006365.PNG
neutral,negative-active,frame_006366.PNG
neutral,negative-active,frame_006367.PNG
positive-active,negative-active,frame_006368.PNG
positive-active,negative-active,frame_006369.PNG
positive-active,negative-active,frame_006370.PNG
positive-active,negative-active,frame_006371.PNG
negative-active,negative-active,frame_006372.PNG
negative-active,negative-active,frame_006373.PNG
negative-active,negative-active,frame_006374.PNG
neutral,negative-active,frame_006375.PNG
neutral,negative-active,frame_006376.PNG
neutral,negative-active,frame_006377.PNG
negative-deactive,negative-active,frame_006384.PNG
negative-deactive,negative-active,frame_006385.PNG
negative-deactive,negative-active,frame_006386.PNG
negative-deactive,negative-active,frame_006387.PNG
negative-deactive,negative-active,frame_006388.PNG
negative-deactive,negative-active,frame_006389.PNG
negative-active,negative-active,frame_006390.PNG
negative-active,negative-active,frame_006391.PNG
negative-active,negative-active,frame_006392.PNG
neutral,negative-active,frame_006393.PNG
neutral,negative-active,frame_006394.PNG
neutral,negative-active,frame_006395.PNG
neutral,negative-active,frame_006396.PNG
neutral,negative-active,frame_006397.PNG
neutral,negative-active,frame_006398.PNG
neutral,negative-active,frame_006399.PNG
neutral,negative-active,frame_006400.PNG
negative-deactive,negative-active,frame_006401.PNG
negative-deactive,negative-active,frame_006402.PNG
negative-deactive,negative-active,frame_006403.PNG
negative-deactive,negative-active,frame_006404.PNG
positive-deactive,negative-active,frame_006405.PNG
positive-deactive,negative-active,frame_006406.PNG
positive-deactive,negative-active,frame_006407.PNG
positive-active,negative-active,frame_006408.PNG
positive-active,negative-active,frame_006409.PNG
positive-active,negative-active,frame_006410.PNG
positive-active,negative-active,frame_006411.PNG
positive-active,negative-active,frame_006412.PNG
negative-deactive,negative-deactive,frame_006434.PNG
negative-deactive,negative-deactive,frame_006435.PNG
negative-deactive,negative-deactive,frame_006436.PNG
negative-deactive,negative-deactive,frame_006437.PNG
positive-deactive,negative-active,frame_006444.PNG
positive-deactive,negative-active,frame_006445.PNG
positive-active,negative-active,frame_006446.PNG
positive-active,negative-active,frame_006447.PNG
positive-active,negative-active,frame_006448.PNG
positive-active,negative-active,frame_006449.PNG
positive-active,negative-active,frame_006450.PNG
negative-deactive,negative-active,frame_006451.PNG
negative-deactive,negative-active,frame_006452.PNG
negative-deactive,negative-active,frame_006453.PNG
negative-deactive,negative-active,frame_006454.PNG
positive-deactive,negative-active,frame_006455.PNG
positive-deactive,negative-active,frame_006456.PNG
neutral,negative-active,frame_006457.PNG
neutral,negative-active,frame_006458.PNG
neutral,negative-active,frame_006459.PNG
neutral,negative-active,frame_006460.PNG
neutral,negative-active,frame_006461.PNG
neutral,negative-active,frame_006462.PNG
neutral,negative-active,frame_006463.PNG
positive-active,negative-active,frame_006464.PNG
positive-active,negative-active,frame_006465.PNG
positive-active,negative-active,frame_006466.PNG
positive-active,negative-active,frame_006467.PNG
positive-active,negative-active,frame_006468.PNG
positive-active,negative-active,frame_006469.PNG
positive-active,negative-active,frame_006470.PNG
positive-active,positive-active,frame_006471.PNG
positive-active,positive-active,frame_006472.PNG
positive-active,positive-active,frame_006473.PNG
positive-active,positive-active,frame_006474.PNG
positive-active,positive-active,frame_006475.PNG
positive-active,positive-active,frame_006476.PNG
positive-active,positive-active,frame_006477.PNG
positive-active,positive-active,frame_006478.PNG
positive-active,positive-active,frame_006479.PNG
negative-deactive,positive-active,frame_006480.PNG
negative-deactive,positive-active,frame_006481.PNG
negative-deactive,positive-active,frame_006482.PNG
negative-deactive,positive-active,frame_006483.PNG
negative-deactive,positive-active,frame_006484.PNG
negative-deactive,positive-active,frame_006485.PNG
negative-deactive,positive-active,frame_006486.PNG
negative-deactive,positive-active,frame_006487.PNG
positive-active,positive-active,frame_006488.PNG
positive-active,positive-active,frame_006489.PNG
negative-deactive,positive-active,frame_006490.PNG
negative-deactive,positive-active,frame_006491.PNG
positive-active,positive-active,frame_006492.PNG
positive-active,positive-active,frame_006493.PNG
positive-active,positive-active,frame_006494.PNG
positive-active,positive-active,frame_006495.PNG
positive-active,positive-active,frame_006496.PNG
positive-active,positive-active,frame_006497.PNG
positive-active,positive-active,frame_006498.PNG
positive-active,positive-active,frame_006499.PNG
positive-active,positive-active,frame_006500.PNG
positive-active,positive-active,frame_006501.PNG
positive-active,positive-active,frame_006502.PNG
positive-active,positive-active,frame_006503.PNG
positive-active,positive-active,frame_006504.PNG
positive-active,positive-active,frame_006505.PNG
positive-active,positive-active,frame_006506.PNG
positive-active,positive-active,frame_006507.PNG
positive-active,positive-deactive,frame_006516.PNG
positive-active,positive-deactive,frame_006517.PNG
positive-active,positive-deactive,frame_006518.PNG
neutral,positive-deactive,frame_006519.PNG
neutral,negative-active,frame_006520.PNG
negative-active,negative-active,frame_006521.PNG
negative-active,negative-active,frame_006522.PNG
negative-active,negative-active,frame_006523.PNG
negative-active,negative-active,frame_006524.PNG
negative-active,negative-active,frame_006525.PNG
positive-active,negative-active,frame_006526.PNG
positive-active,positive-deactive,frame_006527.PNG
positive-active,positive-active,frame_006528.PNG
positive-active,positive-active,frame_006529.PNG
positive-active,positive-active,frame_006530.PNG
positive-active,positive-active,frame_006531.PNG
neutral,negative-active,frame_006533.PNG
neutral,negative-active,frame_006534.PNG
neutral,negative-active,frame_006535.PNG
neutral,negative-active,frame_006536.PNG
neutral,negative-active,frame_006537.PNG
neutral,negative-active,frame_006538.PNG
negative-deactive,negative-active,frame_006539.PNG
negative-deactive,negative-active,frame_006540.PNG
negative-deactive,negative-active,frame_006541.PNG
positive-deactive,negative-active,frame_006542.PNG
positive-deactive,negative-active,frame_006543.PNG
positive-deactive,negative-active,frame_006544.PNG
positive-deactive,negative-active,frame_006545.PNG
negative-deactive,negative-active,frame_006546.PNG
negative-deactive,negative-active,frame_006547.PNG
negative-deactive,negative-active,frame_006548.PNG
negative-deactive,negative-active,frame_006549.PNG
negative-deactive,negative-active,frame_006550.PNG
neutral,negative-active,frame_006551.PNG
neutral,negative-active,frame_006552.PNG
neutral,negative-active,frame_006553.PNG
neutral,negative-active,frame_006555.PNG
negative-deactive,negative-active,frame_006558.PNG
negative-deactive,negative-active,frame_006559.PNG
negative-deactive,negative-active,frame_006560.PNG
negative-deactive,negative-active,frame_006561.PNG
positive-active,negative-active,frame_006562.PNG
positive-active,negative-active,frame_006563.PNG
positive-active,negative-active,frame_006564.PNG
positive-active,negative-active,frame_006565.PNG
positive-active,negative-active,frame_006566.PNG
positive-active,negative-active,frame_006567.PNG
positive-active,negative-active,frame_006568.PNG
neutral,negative-deactive,frame_006574.PNG
negative-deactive,negative-deactive,frame_006575.PNG
negative-deactive,negative-deactive,frame_006576.PNG
negative-deactive,negative-deactive,frame_006577.PNG
negative-deactive,negative-deactive,frame_006578.PNG
negative-deactive,negative-deactive,frame_006579.PNG
negative-deactive,negative-deactive,frame_006580.PNG
negative-active,negative-deactive,frame_006581.PNG
negative-active,negative-deactive,frame_006582.PNG
negative-active,negative-deactive,frame_006583.PNG
neutral,negative-deactive,frame_006584.PNG
negative-deactive,negative-deactive,frame_006585.PNG
negative-deactive,negative-deactive,frame_006586.PNG
negative-deactive,negative-deactive,frame_006587.PNG
negative-deactive,positive-deactive,frame_006588.PNG
negative-deactive,positive-deactive,frame_006589.PNG
negative-deactive,positive-deactive,frame_006590.PNG
negative-deactive,positive-deactive,frame_006591.PNG
positive-deactive,positive-deactive,frame_006592.PNG
positive-deactive,positive-deactive,frame_006593.PNG
positive-deactive,positive-deactive,frame_006594.PNG
positive-deactive,positive-deactive,frame_006595.PNG
positive-deactive,positive-deactive,frame_006596.PNG
negative-active,negative-deactive,frame_006597.PNG
positive-deactive,negative-active,frame_006604.PNG
positive-deactive,negative-active,frame_006605.PNG
negative-deactive,negative-active,frame_006606.PNG
negative-deactive,negative-active,frame_006607.PNG
negative-deactive,negative-active,frame_006608.PNG
negative-deactive,negative-active,frame_006609.PNG
negative-deactive,negative-active,frame_006610.PNG
negative-deactive,negative-active,frame_006611.PNG
negative-deactive,negative-active,frame_006612.PNG
negative-deactive,negative-active,frame_006613.PNG
negative-deactive,negative-active,frame_006614.PNG
negative-deactive,negative-active,frame_006615.PNG
positive-active,negative-active,frame_006616.PNG
negative-deactive,negative-active,frame_006617.PNG
negative-deactive,negative-active,frame_006618.PNG
negative-deactive,negative-active,frame_006619.PNG
negative-deactive,negative-active,frame_006620.PNG
positive-active,negative-active,frame_006621.PNG
positive-active,negative-active,frame_006622.PNG
positive-active,negative-active,frame_006623.PNG
positive-active,negative-active,frame_006624.PNG
positive-active,negative-active,frame_006625.PNG
positive-deactive,positive-active,frame_006632.PNG
positive-deactive,positive-active,frame_006633.PNG
positive-active,positive-active,frame_006634.PNG
positive-active,positive-active,frame_006635.PNG
positive-active,positive-active,frame_006636.PNG
positive-active,positive-active,frame_006637.PNG
positive-active,positive-active,frame_006638.PNG
positive-active,positive-active,frame_006639.PNG
negative-deactive,negative-deactive,frame_006646.PNG
negative-deactive,negative-deactive,frame_006647.PNG
negative-deactive,negative-deactive,frame_006648.PNG
negative-deactive,negative-deactive,frame_006649.PNG
negative-deactive,negative-deactive,frame_006650.PNG
positive-active,negative-deactive,frame_006653.PNG
positive-active,negative-deactive,frame_006654.PNG
positive-active,negative-deactive,frame_006655.PNG
positive-active,negative-deactive,frame_006656.PNG
positive-active,negative-deactive,frame_006657.PNG
positive-active,negative-deactive,frame_006658.PNG
positive-active,negative-deactive,frame_006659.PNG
positive-active,negative-deactive,frame_006660.PNG
positive-active,negative-deactive,frame_006661.PNG
positive-active,negative-deactive,frame_006662.PNG
positive-active,negative-deactive,frame_006663.PNG
positive-active,negative-deactive,frame_006664.PNG
positive-active,negative-deactive,frame_006665.PNG
positive-active,negative-deactive,frame_006666.PNG
positive-active,negative-deactive,frame_006667.PNG
positive-active,negative-deactive,frame_006668.PNG
positive-active,negative-deactive,frame_006669.PNG
negative-active,negative-deactive,frame_006670.PNG
negative-active,negative-deactive,frame_006671.PNG
negative-active,negative-deactive,frame_006672.PNG
negative-active,negative-deactive,frame_006673.PNG
negative-active,negative-deactive,frame_006674.PNG
positive-active,positive-active,frame_006714.PNG
positive-active,positive-active,frame_006715.PNG
positive-active,positive-active,frame_006716.PNG
positive-active,positive-active,frame_006717.PNG
positive-active,positive-active,frame_006718.PNG
positive-active,positive-active,frame_006719.PNG
positive-active,positive-active,frame_006720.PNG
positive-active,positive-active,frame_006721.PNG
positive-active,positive-active,frame_006722.PNG
positive-active,positive-active,frame_006723.PNG
positive-active,positive-active,frame_006724.PNG
positive-active,positive-active,frame_006725.PNG
negative-active,negative-active,frame_006728.PNG
negative-active,negative-active,frame_006729.PNG
negative-active,negative-active,frame_006730.PNG
negative-active,negative-active,frame_006731.PNG
negative-active,negative-deactive,frame_006732.PNG
negative-active,negative-deactive,frame_006733.PNG
negative-deactive,negative-deactive,frame_006734.PNG
negative-deactive,negative-deactive,frame_006735.PNG
negative-deactive,negative-deactive,frame_006736.PNG
negative-active,negative-deactive,frame_006737.PNG
negative-active,negative-deactive,frame_006738.PNG
negative-active,negative-deactive,frame_006739.PNG
negative-active,negative-deactive,frame_006740.PNG
negative-active,negative-deactive,frame_006741.PNG
negative-active,negative-deactive,frame_006742.PNG
negative-active,negative-deactive,frame_006743.PNG
negative-active,negative-deactive,frame_006744.PNG
negative-active,negative-deactive,frame_006745.PNG
negative-active,negative-deactive,frame_006746.PNG
negative-active,negative-deactive,frame_006747.PNG
negative-active,negative-deactive,frame_006748.PNG
negative-active,negative-deactive,frame_006749.PNG
negative-active,negative-deactive,frame_006750.PNG
negative-active,negative-deactive,frame_006751.PNG
negative-active,negative-deactive,frame_006752.PNG
negative-active,negative-deactive,frame_006753.PNG
negative-active,negative-deactive,frame_006754.PNG
negative-active,negative-deactive,frame_006755.PNG
negative-active,negative-deactive,frame_006756.PNG
negative-active,negative-deactive,frame_006757.PNG
negative-active,negative-deactive,frame_006758.PNG
negative-active,negative-deactive,frame_006759.PNG
negative-deactive,negative-deactive,frame_006760.PNG
negative-deactive,negative-deactive,frame_006761.PNG
negative-deactive,negative-deactive,frame_006762.PNG
negative-deactive,negative-deactive,frame_006763.PNG
negative-deactive,negative-deactive,frame_006764.PNG
negative-deactive,negative-deactive,frame_006765.PNG
neutral,negative-deactive,frame_006786.PNG
neutral,negative-deactive,frame_006787.PNG
neutral,negative-deactive,frame_006788.PNG
neutral,negative-deactive,frame_006789.PNG
negative-deactive,negative-deactive,frame_006794.PNG
negative-deactive,negative-deactive,frame_006795.PNG
negative-deactive,negative-deactive,frame_006796.PNG
negative-deactive,negative-active,frame_006797.PNG
negative-deactive,negative-active,frame_006798.PNG
negative-deactive,negative-active,frame_006799.PNG
negative-deactive,negative-active,frame_006800.PNG
negative-deactive,negative-active,frame_006801.PNG
negative-deactive,negative-active,frame_006802.PNG
negative-deactive,negative-active,frame_006803.PNG
negative-deactive,negative-active,frame_006804.PNG
negative-deactive,negative-active,frame_006805.PNG
positive-deactive,negative-deactive,frame_006812.PNG
positive-deactive,negative-deactive,frame_006813.PNG
positive-deactive,negative-deactive,frame_006814.PNG
negative-deactive,negative-deactive,frame_006815.PNG
negative-deactive,negative-deactive,frame_006816.PNG
negative-deactive,negative-deactive,frame_006817.PNG
negative-deactive,negative-deactive,frame_006818.PNG
negative-deactive,negative-deactive,frame_006819.PNG
negative-deactive,negative-deactive,frame_006820.PNG
negative-deactive,negative-deactive,frame_006821.PNG
negative-deactive,negative-deactive,frame_006822.PNG
negative-deactive,negative-deactive,frame_006823.PNG
negative-deactive,negative-deactive,frame_006824.PNG
negative-deactive,negative-deactive,frame_006825.PNG
negative-deactive,negative-deactive,frame_006826.PNG
negative-deactive,negative-deactive,frame_006827.PNG
negative-deactive,negative-deactive,frame_006828.PNG
negative-deactive,negative-deactive,frame_006829.PNG
negative-deactive,negative-deactive,frame_006830.PNG
negative-deactive,negative-deactive,frame_006831.PNG
negative-deactive,negative-deactive,frame_006832.PNG
negative-deactive,negative-deactive,frame_006833.PNG
negative-deactive,negative-active,frame_006834.PNG
positive-active,negative-active,frame_006835.PNG
negative-active,negative-active,frame_006836.PNG
negative-active,negative-deactive,frame_006844.PNG
negative-active,negative-deactive,frame_006845.PNG
negative-active,negative-deactive,frame_006846.PNG
negative-deactive,negative-active,frame_006857.PNG
negative-deactive,negative-active,frame_006858.PNG
negative-deactive,negative-active,frame_006859.PNG
neutral,negative-active,frame_006867.PNG
neutral,negative-active,frame_006868.PNG
negative-active,negative-active,frame_006869.PNG
negative-active,negative-active,frame_006870.PNG
negative-active,negative-active,frame_006871.PNG
negative-active,negative-active,frame_006872.PNG
negative-active,negative-active,frame_006873.PNG
negative-active,neutral,frame_006874.PNG
negative-active,neutral,frame_006875.PNG
negative-active,neutral,frame_006876.PNG
negative-active,neutral,frame_006877.PNG
negative-active,neutral,frame_006878.PNG
negative-active,neutral,frame_006879.PNG
negative-active,neutral,frame_006880.PNG
negative-active,neutral,frame_006881.PNG
negative-active,neutral,frame_006882.PNG
negative-active,neutral,frame_006883.PNG
negative-active,neutral,frame_006884.PNG
negative-active,neutral,frame_006885.PNG
negative-active,neutral,frame_006886.PNG
negative-active,neutral,frame_006887.PNG
negative-active,neutral,frame_006888.PNG
negative-active,neutral,frame_006889.PNG
negative-active,neutral,frame_006890.PNG
negative-active,neutral,frame_006891.PNG
negative-deactive,neutral,frame_006892.PNG
negative-deactive,neutral,frame_006893.PNG
negative-deactive,neutral,frame_006894.PNG
negative-deactive,neutral,frame_006895.PNG
negative-deactive,neutral,frame_006896.PNG
positive-active,neutral,frame_006897.PNG
positive-active,neutral,frame_006898.PNG
positive-active,neutral,frame_006899.PNG
positive-active,neutral,frame_006900.PNG
positive-active,neutral,frame_006901.PNG
positive-active,neutral,frame_006902.PNG
positive-active,neutral,frame_006903.PNG
positive-active,neutral,frame_006904.PNG
negative-deactive,negative-deactive,frame_006922.PNG
negative-deactive,negative-deactive,frame_006923.PNG
negative-deactive,negative-deactive,frame_006924.PNG
negative-deactive,negative-deactive,frame_006925.PNG
negative-deactive,negative-deactive,frame_006926.PNG
negative-deactive,negative-deactive,frame_006927.PNG
negative-deactive,negative-deactive,frame_006928.PNG
negative-deactive,negative-deactive,frame_006929.PNG
negative-deactive,negative-deactive,frame_006930.PNG
negative-deactive,negative-deactive,frame_006931.PNG
negative-deactive,negative-deactive,frame_006932.PNG
negative-deactive,negative-deactive,frame_006933.PNG
negative-active,negative-deactive,frame_006934.PNG
negative-active,negative-deactive,frame_006935.PNG
negative-active,negative-deactive,frame_006936.PNG
negative-active,negative-deactive,frame_006937.PNG
negative-active,negative-deactive,frame_006938.PNG
negative-active,negative-deactive,frame_006939.PNG
negative-active,negative-deactive,frame_006940.PNG
negative-active,negative-deactive,frame_006941.PNG
negative-active,negative-deactive,frame_006942.PNG
negative-active,negative-deactive,frame_006943.PNG
negative-active,negative-deactive,frame_006944.PNG
negative-active,negative-deactive,frame_006945.PNG
negative-active,negative-deactive,frame_006946.PNG
negative-active,negative-deactive,frame_006947.PNG
negative-active,negative-deactive,frame_006948.PNG
negative-active,negative-deactive,frame_006949.PNG
negative-active,negative-deactive,frame_006950.PNG
negative-active,negative-deactive,frame_006955.PNG
negative-active,negative-deactive,frame_006956.PNG
negative-active,negative-deactive,frame_006957.PNG
negative-active,negative-deactive,frame_006958.PNG
negative-active,negative-deactive,frame_006959.PNG
negative-active,negative-deactive,frame_006960.PNG
negative-active,negative-deactive,frame_006961.PNG
neutral,negative-deactive,frame_006964.PNG
negative-active,negative-deactive,frame_006965.PNG
negative-active,negative-deactive,frame_006966.PNG
negative-active,negative-deactive,frame_006967.PNG
negative-active,negative-deactive,frame_006968.PNG
negative-active,negative-deactive,frame_006969.PNG
negative-active,neutral,frame_006970.PNG
negative-active,neutral,frame_006971.PNG
neutral,neutral,frame_006972.PNG
neutral,neutral,frame_006973.PNG
neutral,neutral,frame_006974.PNG
neutral,neutral,frame_006975.PNG
neutral,neutral,frame_006976.PNG
neutral,neutral,frame_006977.PNG
negative-active,neutral,frame_006978.PNG
negative-active,neutral,frame_006979.PNG
negative-active,neutral,frame_006980.PNG
negative-active,neutral,frame_006981.PNG
negative-active,neutral,frame_006982.PNG
negative-active,negative-active,frame_006983.PNG
negative-active,negative-active,frame_006984.PNG
negative-active,negative-active,frame_006985.PNG
negative-active,negative-active,frame_006986.PNG
negative-active,negative-active,frame_006987.PNG
negative-active,negative-active,frame_006988.PNG
negative-active,negative-active,frame_006989.PNG
negative-active,negative-active,frame_006990.PNG
negative-active,negative-active,frame_006991.PNG
negative-active,negative-active,frame_006992.PNG
negative-active,negative-active,frame_006993.PNG
negative-active,negative-active,frame_006994.PNG
negative-active,negative-active,frame_006995.PNG
negative-active,negative-active,frame_007000.PNG
positive-deactive,negative-deactive,frame_007015.PNG
positive-deactive,negative-deactive,frame_007016.PNG
positive-deactive,negative-deactive,frame_007017.PNG
negative-active,negative-active,frame_007030.PNG
negative-active,negative-active,frame_007031.PNG
negative-active,negative-active,frame_007032.PNG
negative-active,negative-active,frame_007033.PNG
negative-active,negative-active,frame_007034.PNG
negative-deactive,negative-deactive,frame_007035.PNG
negative-deactive,negative-deactive,frame_007036.PNG
negative-deactive,negative-deactive,frame_007037.PNG
neutral,negative-active,frame_007061.PNG
neutral,negative-active,frame_007062.PNG
neutral,negative-active,frame_007063.PNG
neutral,negative-active,frame_007064.PNG
neutral,negative-active,frame_007065.PNG
negative-active,negative-active,frame_007066.PNG
negative-active,negative-active,frame_007067.PNG
negative-active,negative-active,frame_007068.PNG
negative-active,negative-active,frame_007069.PNG
negative-deactive,negative-active,frame_007070.PNG
negative-deactive,negative-active,frame_007071.PNG
negative-deactive,negative-active,frame_007072.PNG
negative-deactive,negative-active,frame_007073.PNG
positive-deactive,negative-deactive,frame_007079.PNG
positive-deactive,negative-deactive,frame_007080.PNG
positive-deactive,negative-deactive,frame_007081.PNG
positive-deactive,negative-deactive,frame_007082.PNG
positive-deactive,negative-deactive,frame_007083.PNG
positive-deactive,negative-deactive,frame_007084.PNG
positive-deactive,negative-deactive,frame_007085.PNG
positive-deactive,negative-deactive,frame_007086.PNG
positive-deactive,negative-deactive,frame_007087.PNG
positive-deactive,negative-deactive,frame_007088.PNG
positive-deactive,negative-deactive,frame_007089.PNG
positive-deactive,negative-deactive,frame_007090.PNG
neutral,negative-deactive,frame_007091.PNG
neutral,negative-deactive,frame_007092.PNG
neutral,negative-deactive,frame_007093.PNG
neutral,negative-deactive,frame_007094.PNG
neutral,negative-deactive,frame_007095.PNG
neutral,negative-deactive,frame_007096.PNG
neutral,negative-deactive,frame_007097.PNG
positive-deactive,negative-deactive,frame_007098.PNG
positive-deactive,negative-deactive,frame_007099.PNG
positive-deactive,negative-deactive,frame_007100.PNG
positive-deactive,negative-deactive,frame_007101.PNG
positive-deactive,negative-deactive,frame_007102.PNG
positive-deactive,negative-deactive,frame_007103.PNG
neutral,negative-deactive,frame_007104.PNG
neutral,negative-deactive,frame_007105.PNG
neutral,negative-deactive,frame_007106.PNG
neutral,negative-deactive,frame_007107.PNG
positive-deactive,negative-deactive,frame_007108.PNG
positive-active,negative-deactive,frame_007109.PNG
positive-active,negative-deactive,frame_007110.PNG
positive-active,negative-active,frame_007111.PNG
positive-deactive,negative-active,frame_007112.PNG
positive-deactive,negative-active,frame_007113.PNG
positive-deactive,negative-active,frame_007114.PNG
positive-deactive,negative-active,frame_007115.PNG
positive-deactive,negative-active,frame_007116.PNG
positive-deactive,negative-active,frame_007117.PNG
positive-deactive,negative-active,frame_007118.PNG
positive-deactive,negative-active,frame_007119.PNG
positive-deactive,negative-active,frame_007120.PNG
positive-active,negative-active,frame_007121.PNG
positive-active,negative-active,frame_007122.PNG
positive-active,negative-active,frame_007123.PNG
positive-active,negative-active,frame_007124.PNG
negative-deactive,negative-active,frame_007125.PNG
negative-deactive,negative-active,frame_007126.PNG
negative-deactive,negative-active,frame_007127.PNG
negative-deactive,negative-active,frame_007128.PNG
negative-deactive,negative-active,frame_007129.PNG
negative-active,negative-active,frame_007130.PNG
negative-active,negative-active,frame_007131.PNG
negative-deactive,negative-deactive,frame_007161.PNG
negative-deactive,negative-deactive,frame_007162.PNG
negative-deactive,negative-deactive,frame_007163.PNG
negative-deactive,negative-deactive,frame_007164.PNG
negative-deactive,negative-deactive,frame_007165.PNG
negative-deactive,negative-deactive,frame_007166.PNG
negative-deactive,negative-deactive,frame_007167.PNG
negative-deactive,negative-deactive,frame_007197.PNG
negative-deactive,negative-deactive,frame_007198.PNG
negative-deactive,negative-deactive,frame_007199.PNG
negative-deactive,negative-deactive,frame_007200.PNG
negative-deactive,negative-deactive,frame_007201.PNG
negative-deactive,negative-deactive,frame_007202.PNG
negative-deactive,negative-deactive,frame_007203.PNG
negative-deactive,negative-deactive,frame_007204.PNG
negative-deactive,negative-deactive,frame_007205.PNG
negative-deactive,negative-deactive,frame_007206.PNG
negative-deactive,negative-deactive,frame_007207.PNG
negative-deactive,negative-deactive,frame_007208.PNG
negative-deactive,negative-deactive,frame_007209.PNG
negative-deactive,negative-deactive,frame_007210.PNG
negative-deactive,neutral,frame_007215.PNG
negative-deactive,neutral,frame_007216.PNG
negative-deactive,neutral,frame_007217.PNG
negative-deactive,neutral,frame_007218.PNG
negative-deactive,neutral,frame_007219.PNG
negative-deactive,neutral,frame_007220.PNG
negative-active,negative-active,frame_007238.PNG
negative-active,neutral,frame_007239.PNG
negative-active,neutral,frame_007240.PNG
negative-active,neutral,frame_007241.PNG
negative-active,neutral,frame_007242.PNG
negative-active,neutral,frame_007243.PNG
negative-active,neutral,frame_007244.PNG
negative-active,neutral,frame_007245.PNG
negative-active,neutral,frame_007246.PNG
negative-active,negative-deactive,frame_007247.PNG
negative-active,negative-deactive,frame_007248.PNG
negative-active,negative-deactive,frame_007249.PNG
negative-active,negative-deactive,frame_007250.PNG
negative-active,negative-deactive,frame_007251.PNG
negative-active,negative-deactive,frame_007252.PNG
negative-active,negative-deactive,frame_007253.PNG
negative-active,negative-deactive,frame_007254.PNG
negative-active,negative-deactive,frame_007255.PNG
negative-active,negative-deactive,frame_007256.PNG
negative-active,negative-deactive,frame_007257.PNG
negative-active,negative-deactive,frame_007258.PNG
negative-active,negative-deactive,frame_007259.PNG
negative-active,negative-deactive,frame_007260.PNG
negative-active,negative-deactive,frame_007261.PNG
negative-active,negative-deactive,frame_007262.PNG
negative-active,negative-deactive,frame_007263.PNG
negative-active,negative-deactive,frame_007264.PNG
negative-active,negative-deactive,frame_007265.PNG
negative-active,negative-deactive,frame_007266.PNG
negative-active,negative-deactive,frame_007267.PNG
negative-active,negative-deactive,frame_007268.PNG
negative-active,negative-deactive,frame_007269.PNG
negative-active,negative-deactive,frame_007270.PNG
negative-active,negative-deactive,frame_007271.PNG
negative-active,negative-deactive,frame_007272.PNG
negative-active,negative-deactive,frame_007273.PNG
negative-active,negative-deactive,frame_007274.PNG
negative-active,negative-deactive,frame_007275.PNG
negative-active,negative-deactive,frame_007276.PNG
neutral,negative-deactive,frame_007295.PNG
negative-deactive,negative-deactive,frame_007361.PNG
negative-deactive,negative-deactive,frame_007362.PNG
negative-deactive,negative-deactive,frame_007363.PNG
negative-deactive,negative-deactive,frame_007364.PNG
negative-deactive,negative-deactive,frame_007365.PNG
negative-deactive,negative-deactive,frame_007366.PNG
negative-active,negative-deactive,frame_007370.PNG
negative-active,negative-deactive,frame_007371.PNG
negative-active,negative-deactive,frame_007372.PNG
negative-active,negative-deactive,frame_007373.PNG
negative-active,negative-deactive,frame_007374.PNG
negative-active,negative-deactive,frame_007375.PNG
negative-active,negative-deactive,frame_007376.PNG
negative-active,negative-deactive,frame_007377.PNG
negative-active,negative-deactive,frame_007378.PNG
negative-active,negative-deactive,frame_007379.PNG
positive-active,negative-deactive,frame_007396.PNG
negative-deactive,negative-deactive,frame_007397.PNG
negative-active,negative-deactive,frame_007398.PNG
negative-active,negative-deactive,frame_007399.PNG
negative-active,negative-deactive,frame_007400.PNG
negative-active,negative-deactive,frame_007401.PNG
negative-active,negative-deactive,frame_007402.PNG
negative-active,negative-deactive,frame_007403.PNG
negative-active,negative-deactive,frame_007404.PNG
negative-active,negative-deactive,frame_007405.PNG
negative-active,negative-deactive,frame_007406.PNG
negative-active,negative-deactive,frame_007407.PNG
negative-active,negative-deactive,frame_007408.PNG
negative-active,negative-deactive,frame_007409.PNG
negative-active,negative-deactive,frame_007418.PNG
negative-active,negative-deactive,frame_007419.PNG
negative-active,negative-deactive,frame_007420.PNG
negative-active,negative-deactive,frame_007421.PNG
negative-active,negative-deactive,frame_007422.PNG
negative-active,negative-deactive,frame_007423.PNG
negative-active,negative-deactive,frame_007424.PNG
negative-active,negative-deactive,frame_007425.PNG
negative-deactive,negative-deactive,frame_007426.PNG
negative-deactive,negative-deactive,frame_007427.PNG
negative-deactive,negative-deactive,frame_007428.PNG
negative-deactive,negative-deactive,frame_007429.PNG
negative-deactive,negative-deactive,frame_007430.PNG
negative-deactive,negative-deactive,frame_007431.PNG
negative-deactive,negative-deactive,frame_007432.PNG
positive-active,negative-deactive,frame_007433.PNG
positive-active,negative-deactive,frame_007434.PNG
negative-active,negative-deactive,frame_007437.PNG
negative-active,negative-deactive,frame_007438.PNG
negative-deactive,negative-deactive,frame_007439.PNG
negative-active,negative-deactive,frame_007440.PNG
negative-deactive,negative-deactive,frame_007441.PNG
negative-deactive,negative-deactive,frame_007442.PNG
negative-deactive,negative-deactive,frame_007443.PNG
neutral,negative-deactive,frame_007463.PNG
neutral,negative-deactive,frame_007464.PNG
neutral,negative-deactive,frame_007465.PNG
neutral,negative-deactive,frame_007466.PNG
neutral,negative-deactive,frame_007467.PNG
negative-deactive,negative-active,frame_007468.PNG
negative-deactive,negative-active,frame_007469.PNG
negative-deactive,negative-active,frame_007470.PNG
negative-deactive,negative-active,frame_007471.PNG
negative-deactive,negative-active,frame_007472.PNG
negative-deactive,negative-active,frame_007473.PNG
negative-deactive,negative-active,frame_007474.PNG
negative-deactive,negative-deactive,frame_007475.PNG
neutral,negative-active,frame_007510.PNG
neutral,negative-active,frame_007511.PNG
neutral,negative-active,frame_007512.PNG
neutral,negative-active,frame_007513.PNG
neutral,negative-active,frame_007514.PNG
neutral,negative-active,frame_007515.PNG
neutral,negative-active,frame_007516.PNG
negative-active,negative-active,frame_007517.PNG
negative-active,negative-active,frame_007518.PNG
negative-active,negative-active,frame_007519.PNG
negative-active,negative-active,frame_007520.PNG
negative-active,negative-active,frame_007521.PNG
negative-deactive,negative-active,frame_007522.PNG
negative-deactive,negative-active,frame_007523.PNG
negative-deactive,negative-active,frame_007524.PNG
negative-deactive,negative-active,frame_007525.PNG
negative-deactive,negative-active,frame_007526.PNG
negative-deactive,negative-active,frame_007527.PNG
positive-active,negative-active,frame_007528.PNG
positive-active,negative-active,frame_007529.PNG
positive-active,negative-deactive,frame_007530.PNG
positive-active,negative-deactive,frame_007531.PNG
positive-active,negative-deactive,frame_007532.PNG
positive-active,negative-deactive,frame_007533.PNG
positive-deactive,negative-deactive,frame_007534.PNG
positive-deactive,negative-deactive,frame_007535.PNG
positive-deactive,negative-deactive,frame_007536.PNG
positive-deactive,negative-deactive,frame_007537.PNG
positive-deactive,negative-deactive,frame_007538.PNG
positive-deactive,negative-deactive,frame_007539.PNG
positive-deactive,negative-deactive,frame_007540.PNG
positive-deactive,negative-deactive,frame_007541.PNG
positive-deactive,negative-deactive,frame_007542.PNG
positive-deactive,negative-deactive,frame_007543.PNG
positive-deactive,negative-deactive,frame_007544.PNG
positive-deactive,positive-active,frame_007550.PNG
positive-deactive,positive-active,frame_007551.PNG
positive-deactive,negative-deactive,frame_007552.PNG
positive-deactive,negative-deactive,frame_007553.PNG
positive-deactive,negative-deactive,frame_007554.PNG
positive-deactive,negative-deactive,frame_007555.PNG
positive-deactive,negative-deactive,frame_007556.PNG
positive-deactive,negative-deactive,frame_007557.PNG
positive-deactive,negative-deactive,frame_007558.PNG
positive-deactive,negative-deactive,frame_007559.PNG
positive-deactive,negative-deactive,frame_007560.PNG
positive-deactive,negative-deactive,frame_007561.PNG
positive-deactive,negative-deactive,frame_007562.PNG
positive-deactive,negative-deactive,frame_007568.PNG
positive-deactive,negative-deactive,frame_007569.PNG
positive-deactive,negative-deactive,frame_007570.PNG
positive-deactive,negative-deactive,frame_007571.PNG
positive-deactive,negative-deactive,frame_007572.PNG
positive-deactive,negative-deactive,frame_007573.PNG
positive-deactive,negative-deactive,frame_007574.PNG
positive-deactive,negative-deactive,frame_007575.PNG
positive-deactive,negative-deactive,frame_007576.PNG
positive-deactive,negative-deactive,frame_007577.PNG
positive-deactive,negative-deactive,frame_007578.PNG
positive-deactive,negative-deactive,frame_007579.PNG
positive-deactive,negative-deactive,frame_007580.PNG
positive-deactive,negative-deactive,frame_007581.PNG
positive-deactive,negative-deactive,frame_007582.PNG
positive-deactive,negative-deactive,frame_007583.PNG
positive-deactive,negative-deactive,frame_007584.PNG
positive-deactive,negative-deactive,frame_007585.PNG
positive-deactive,negative-deactive,frame_007586.PNG
positive-deactive,negative-deactive,frame_007587.PNG
positive-deactive,negative-deactive,frame_007588.PNG
positive-deactive,negative-deactive,frame_007589.PNG
positive-active,negative-deactive,frame_007590.PNG
positive-active,negative-deactive,frame_007591.PNG
positive-active,negative-deactive,frame_007592.PNG
positive-active,negative-deactive,frame_007593.PNG
positive-active,negative-deactive,frame_007594.PNG
positive-active,negative-deactive,frame_007595.PNG
positive-active,negative-deactive,frame_007596.PNG
positive-active,negative-deactive,frame_007597.PNG
positive-active,negative-deactive,frame_007598.PNG
positive-active,negative-deactive,frame_007599.PNG
positive-active,positive-active,frame_007600.PNG
positive-active,positive-active,frame_007601.PNG
positive-active,positive-active,frame_007602.PNG
positive-active,positive-active,frame_007603.PNG
negative-deactive,negative-deactive,frame_007604.PNG
negative-deactive,negative-deactive,frame_007605.PNG
negative-deactive,negative-deactive,frame_007606.PNG
negative-deactive,negative-deactive,frame_007607.PNG
negative-deactive,negative-deactive,frame_007608.PNG
negative-deactive,negative-deactive,frame_007609.PNG
negative-deactive,negative-deactive,frame_007610.PNG
negative-deactive,negative-deactive,frame_007611.PNG
negative-deactive,negative-deactive,frame_007612.PNG
negative-deactive,negative-deactive,frame_007613.PNG
negative-deactive,negative-deactive,frame_007614.PNG
negative-deactive,negative-deactive,frame_007615.PNG
negative-deactive,negative-deactive,frame_007616.PNG
negative-deactive,negative-deactive,frame_007623.PNG
negative-deactive,negative-deactive,frame_007624.PNG
negative-deactive,negative-deactive,frame_007625.PNG
negative-deactive,negative-deactive,frame_007626.PNG
negative-deactive,negative-deactive,frame_007627.PNG
negative-deactive,negative-deactive,frame_007628.PNG
negative-deactive,negative-deactive,frame_007629.PNG
negative-deactive,negative-deactive,frame_007630.PNG
negative-deactive,negative-deactive,frame_007631.PNG
negative-deactive,negative-deactive,frame_007632.PNG
negative-deactive,negative-deactive,frame_007633.PNG
negative-deactive,negative-deactive,frame_007634.PNG
negative-deactive,negative-deactive,frame_007635.PNG
negative-deactive,positive-active,frame_007636.PNG
negative-deactive,positive-active,frame_007637.PNG
negative-deactive,negative-deactive,frame_007638.PNG
negative-deactive,negative-deactive,frame_007639.PNG
negative-deactive,negative-deactive,frame_007640.PNG
negative-deactive,negative-deactive,frame_007641.PNG
negative-deactive,negative-deactive,frame_007649.PNG
negative-deactive,negative-deactive,frame_007650.PNG
negative-deactive,negative-deactive,frame_007651.PNG
negative-deactive,negative-deactive,frame_007652.PNG
negative-deactive,negative-deactive,frame_007653.PNG
negative-deactive,negative-deactive,frame_007654.PNG
negative-deactive,negative-deactive,frame_007655.PNG
negative-deactive,negative-deactive,frame_007656.PNG
negative-deactive,negative-deactive,frame_007657.PNG
negative-deactive,negative-deactive,frame_007658.PNG
negative-deactive,negative-deactive,frame_007659.PNG
negative-deactive,negative-deactive,frame_007665.PNG
negative-deactive,negative-deactive,frame_007666.PNG
negative-deactive,negative-deactive,frame_007667.PNG
negative-deactive,negative-deactive,frame_007668.PNG
negative-deactive,negative-deactive,frame_007669.PNG
negative-deactive,negative-deactive,frame_007670.PNG
negative-deactive,negative-deactive,frame_007671.PNG
negative-deactive,negative-deactive,frame_007672.PNG
positive-deactive,negative-deactive,frame_007673.PNG
negative-deactive,negative-deactive,frame_007674.PNG
negative-deactive,negative-deactive,frame_007675.PNG
negative-deactive,negative-deactive,frame_007676.PNG
negative-deactive,negative-deactive,frame_007677.PNG
negative-deactive,negative-deactive,frame_007678.PNG
negative-deactive,negative-deactive,frame_007679.PNG
negative-deactive,negative-deactive,frame_007680.PNG
negative-deactive,negative-deactive,frame_007681.PNG
negative-deactive,negative-deactive,frame_007682.PNG
negative-deactive,negative-deactive,frame_007683.PNG
negative-deactive,negative-active,frame_007684.PNG
negative-deactive,negative-active,frame_007685.PNG
negative-deactive,negative-active,frame_007686.PNG
negative-deactive,negative-active,frame_007687.PNG
negative-deactive,negative-active,frame_007688.PNG
negative-deactive,negative-active,frame_007689.PNG
negative-deactive,negative-active,frame_007690.PNG
negative-deactive,negative-active,frame_007691.PNG
negative-deactive,negative-active,frame_007692.PNG
negative-deactive,negative-active,frame_007693.PNG
negative-deactive,negative-active,frame_007694.PNG
negative-deactive,negative-active,frame_007695.PNG
negative-deactive,negative-active,frame_007696.PNG
negative-deactive,negative-active,frame_007697.PNG
negative-deactive,negative-active,frame_007698.PNG
negative-deactive,negative-active,frame_007699.PNG
negative-deactive,negative-active,frame_007700.PNG
negative-deactive,negative-active,frame_007701.PNG
negative-deactive,negative-active,frame_007702.PNG
negative-deactive,negative-active,frame_007703.PNG
negative-deactive,negative-active,frame_007704.PNG
negative-deactive,negative-active,frame_007705.PNG
negative-deactive,negative-active,frame_007706.PNG
negative-deactive,negative-active,frame_007707.PNG
negative-deactive,negative-active,frame_007708.PNG
negative-deactive,negative-active,frame_007709.PNG
negative-deactive,negative-active,frame_007710.PNG
negative-deactive,negative-active,frame_007711.PNG
negative-deactive,negative-active,frame_007712.PNG
negative-deactive,negative-active,frame_007713.PNG
negative-deactive,negative-active,frame_007714.PNG
negative-deactive,negative-active,frame_007715.PNG
negative-deactive,negative-active,frame_007716.PNG
negative-deactive,negative-active,frame_007717.PNG
negative-deactive,negative-active,frame_007718.PNG
negative-deactive,negative-active,frame_007719.PNG
neutral,negative-deactive,frame_007725.PNG
negative-deactive,negative-active,frame_007726.PNG
negative-deactive,negative-active,frame_007727.PNG
negative-deactive,negative-active,frame_007728.PNG
negative-deactive,negative-active,frame_007729.PNG
negative-deactive,negative-active,frame_007730.PNG
negative-deactive,negative-active,frame_007731.PNG
negative-deactive,negative-active,frame_007732.PNG
negative-deactive,negative-active,frame_007733.PNG
negative-deactive,negative-active,frame_007734.PNG
negative-deactive,negative-active,frame_007735.PNG
negative-deactive,negative-active,frame_007736.PNG
negative-deactive,negative-active,frame_007737.PNG
negative-deactive,negative-active,frame_007738.PNG
negative-deactive,negative-active,frame_007739.PNG
negative-deactive,negative-active,frame_007740.PNG
negative-deactive,negative-active,frame_007741.PNG
negative-deactive,negative-active,frame_007742.PNG
negative-deactive,negative-active,frame_007743.PNG
neutral,negative-active,frame_007749.PNG
negative-deactive,negative-active,frame_007750.PNG
negative-deactive,negative-active,frame_007751.PNG
negative-deactive,negative-active,frame_007752.PNG
negative-deactive,negative-active,frame_007753.PNG
negative-deactive,negative-active,frame_007754.PNG
negative-deactive,negative-active,frame_007755.PNG
negative-deactive,negative-active,frame_007756.PNG
negative-deactive,negative-active,frame_007757.PNG
negative-deactive,negative-active,frame_007758.PNG
negative-deactive,negative-active,frame_007759.PNG
negative-deactive,negative-active,frame_007760.PNG
negative-deactive,negative-active,frame_007761.PNG
negative-deactive,negative-active,frame_007762.PNG
negative-deactive,negative-active,frame_007763.PNG
negative-deactive,negative-active,frame_007764.PNG
negative-deactive,negative-active,frame_007765.PNG
negative-deactive,negative-active,frame_007766.PNG
negative-deactive,negative-active,frame_007767.PNG
negative-deactive,negative-active,frame_007768.PNG
negative-deactive,negative-active,frame_007769.PNG
negative-deactive,negative-active,frame_007770.PNG
negative-deactive,negative-deactive,frame_007771.PNG
negative-deactive,negative-deactive,frame_007772.PNG
negative-deactive,negative-deactive,frame_007773.PNG
negative-deactive,negative-deactive,frame_007774.PNG
negative-deactive,negative-deactive,frame_007775.PNG
negative-deactive,negative-deactive,frame_007776.PNG
negative-deactive,negative-deactive,frame_007777.PNG
negative-deactive,negative-deactive,frame_007778.PNG
negative-deactive,negative-deactive,frame_007779.PNG
negative-deactive,negative-deactive,frame_007780.PNG
negative-deactive,negative-deactive,frame_007787.PNG
negative-deactive,negative-deactive,frame_007788.PNG
negative-deactive,negative-deactive,frame_007789.PNG
negative-deactive,negative-deactive,frame_007790.PNG
negative-deactive,negative-deactive,frame_007791.PNG
negative-deactive,negative-deactive,frame_007792.PNG
negative-deactive,negative-deactive,frame_007793.PNG
negative-deactive,negative-deactive,frame_007794.PNG
negative-deactive,negative-deactive,frame_007795.PNG
negative-deactive,negative-deactive,frame_007796.PNG
negative-deactive,negative-deactive,frame_007797.PNG
negative-deactive,negative-deactive,frame_007798.PNG
negative-deactive,negative-deactive,frame_007799.PNG
negative-deactive,negative-deactive,frame_007800.PNG
negative-deactive,negative-deactive,frame_007801.PNG
negative-deactive,negative-deactive,frame_007802.PNG
negative-deactive,negative-deactive,frame_007803.PNG
negative-deactive,negative-deactive,frame_007804.PNG
negative-deactive,negative-deactive,frame_007805.PNG
negative-deactive,negative-deactive,frame_007806.PNG
negative-deactive,negative-deactive,frame_007807.PNG
negative-deactive,negative-deactive,frame_007814.PNG
negative-deactive,negative-deactive,frame_007815.PNG
negative-deactive,negative-deactive,frame_007816.PNG
negative-deactive,negative-deactive,frame_007817.PNG
negative-deactive,negative-deactive,frame_007818.PNG
negative-deactive,negative-deactive,frame_007819.PNG
negative-deactive,negative-deactive,frame_007820.PNG
negative-deactive,negative-deactive,frame_007821.PNG
negative-deactive,negative-deactive,frame_007822.PNG
negative-deactive,negative-deactive,frame_007823.PNG
negative-deactive,negative-deactive,frame_007824.PNG
negative-deactive,negative-deactive,frame_007825.PNG
negative-deactive,negative-deactive,frame_007826.PNG
negative-deactive,negative-deactive,frame_007827.PNG
negative-deactive,negative-active,frame_007828.PNG
negative-deactive,negative-active,frame_007829.PNG
negative-deactive,negative-active,frame_007830.PNG
negative-deactive,negative-active,frame_007831.PNG
neutral,negative-deactive,frame_007842.PNG
neutral,negative-deactive,frame_007843.PNG
neutral,negative-deactive,frame_007844.PNG
neutral,negative-deactive,frame_007845.PNG
neutral,negative-deactive,frame_007846.PNG
negative-deactive,negative-deactive,frame_007847.PNG
negative-deactive,negative-deactive,frame_007848.PNG
negative-deactive,negative-deactive,frame_007849.PNG
negative-deactive,negative-deactive,frame_007850.PNG
negative-deactive,negative-deactive,frame_007851.PNG
negative-deactive,negative-deactive,frame_007852.PNG
positive-deactive,negative-deactive,frame_007853.PNG
positive-deactive,negative-deactive,frame_007854.PNG
positive-deactive,negative-deactive,frame_007855.PNG
positive-deactive,negative-deactive,frame_007856.PNG
positive-deactive,positive-active,frame_007857.PNG
positive-active,positive-active,frame_007858.PNG
positive-active,positive-active,frame_007859.PNG
positive-active,positive-active,frame_007860.PNG
positive-active,positive-active,frame_007861.PNG
positive-active,positive-active,frame_007862.PNG
positive-active,positive-active,frame_007863.PNG
positive-active,positive-active,frame_007864.PNG
positive-active,positive-active,frame_007865.PNG
positive-active,positive-active,frame_007866.PNG
positive-active,positive-active,frame_007867.PNG
positive-active,positive-active,frame_007868.PNG
positive-active,positive-active,frame_007869.PNG
positive-active,positive-active,frame_007870.PNG
positive-active,positive-active,frame_007871.PNG
positive-active,positive-active,frame_007872.PNG
positive-active,positive-active,frame_007873.PNG
positive-active,positive-active,frame_007874.PNG
positive-active,positive-active,frame_007875.PNG
positive-active,positive-active,frame_007876.PNG
positive-active,positive-active,frame_007877.PNG
positive-active,positive-active,frame_007878.PNG
positive-active,positive-active,frame_007879.PNG
positive-active,positive-active,frame_007880.PNG
positive-active,positive-active,frame_007881.PNG
positive-active,positive-active,frame_007882.PNG
positive-active,positive-active,frame_007883.PNG
positive-active,positive-active,frame_007884.PNG
positive-active,positive-active,frame_007885.PNG
positive-active,positive-active,frame_007886.PNG
positive-active,positive-active,frame_007887.PNG
positive-active,positive-active,frame_007888.PNG
positive-active,positive-active,frame_007889.PNG
positive-active,positive-active,frame_007890.PNG
positive-active,positive-active,frame_007891.PNG
positive-active,positive-active,frame_007892.PNG
positive-active,positive-active,frame_007893.PNG
positive-active,positive-active,frame_007894.PNG
positive-active,positive-active,frame_007895.PNG
positive-active,negative-deactive,frame_007896.PNG
positive-active,negative-deactive,frame_007897.PNG
positive-active,negative-deactive,frame_007898.PNG
positive-active,negative-deactive,frame_007899.PNG
positive-deactive,positive-active,frame_007914.PNG
positive-deactive,positive-active,frame_007915.PNG
positive-deactive,positive-active,frame_007916.PNG
positive-deactive,positive-active,frame_007917.PNG
positive-deactive,positive-active,frame_007918.PNG
positive-deactive,positive-active,frame_007919.PNG
positive-deactive,positive-active,frame_007920.PNG
positive-deactive,positive-active,frame_007921.PNG
positive-deactive,positive-active,frame_007922.PNG
negative-deactive,positive-active,frame_007923.PNG
negative-deactive,negative-deactive,frame_007924.PNG
negative-deactive,negative-deactive,frame_007925.PNG
negative-deactive,negative-deactive,frame_007926.PNG
negative-deactive,negative-deactive,frame_007927.PNG
negative-deactive,negative-deactive,frame_007928.PNG
negative-deactive,negative-deactive,frame_007929.PNG
negative-deactive,negative-deactive,frame_007930.PNG
negative-deactive,negative-deactive,frame_007931.PNG
negative-deactive,negative-deactive,frame_007932.PNG
negative-deactive,negative-deactive,frame_007933.PNG
negative-deactive,negative-deactive,frame_007934.PNG
negative-deactive,negative-deactive,frame_007935.PNG
negative-deactive,negative-deactive,frame_007936.PNG
negative-deactive,negative-active,frame_007946.PNG
neutral,negative-active,frame_007947.PNG
neutral,negative-active,frame_007948.PNG
neutral,negative-active,frame_007949.PNG
neutral,negative-active,frame_007950.PNG
neutral,negative-active,frame_007951.PNG
neutral,negative-active,frame_007952.PNG
neutral,negative-active,frame_007953.PNG
neutral,negative-active,frame_007954.PNG
neutral,negative-active,frame_007955.PNG
neutral,negative-active,frame_007956.PNG
neutral,negative-active,frame_007957.PNG
neutral,negative-active,frame_007958.PNG
negative-deactive,negative-active,frame_007959.PNG
negative-deactive,negative-active,frame_007960.PNG
negative-deactive,negative-active,frame_007961.PNG
negative-deactive,negative-active,frame_007962.PNG
negative-deactive,negative-active,frame_007963.PNG
negative-deactive,negative-active,frame_007964.PNG
negative-deactive,negative-active,frame_007965.PNG
negative-deactive,negative-active,frame_007966.PNG
negative-deactive,negative-active,frame_007967.PNG
negative-deactive,negative-deactive,frame_007968.PNG
negative-deactive,negative-deactive,frame_007969.PNG
negative-deactive,negative-deactive,frame_007977.PNG
negative-deactive,negative-deactive,frame_007978.PNG
negative-deactive,negative-deactive,frame_007979.PNG
negative-deactive,negative-deactive,frame_007980.PNG
negative-deactive,negative-deactive,frame_007981.PNG
negative-deactive,negative-deactive,frame_007982.PNG
negative-deactive,negative-deactive,frame_007983.PNG
negative-deactive,negative-deactive,frame_007984.PNG
negative-deactive,negative-deactive,frame_007990.PNG
negative-deactive,negative-deactive,frame_007991.PNG
negative-deactive,negative-deactive,frame_007992.PNG
negative-deactive,negative-deactive,frame_007993.PNG
negative-deactive,negative-deactive,frame_007994.PNG
negative-deactive,negative-deactive,frame_007995.PNG
negative-deactive,negative-deactive,frame_007996.PNG
negative-deactive,negative-deactive,frame_007997.PNG
negative-deactive,negative-deactive,frame_007998.PNG
negative-deactive,negative-deactive,frame_007999.PNG
negative-deactive,negative-deactive,frame_008000.PNG
negative-deactive,negative-deactive,frame_008001.PNG
negative-deactive,negative-deactive,frame_008002.PNG
negative-deactive,negative-deactive,frame_008003.PNG
negative-deactive,negative-deactive,frame_008004.PNG
negative-deactive,negative-deactive,frame_008005.PNG
negative-deactive,negative-deactive,frame_008006.PNG
negative-deactive,negative-deactive,frame_008015.PNG
negative-deactive,negative-deactive,frame_008016.PNG
negative-deactive,negative-deactive,frame_008017.PNG
negative-deactive,negative-deactive,frame_008018.PNG
negative-active,negative-deactive,frame_008019.PNG
negative-active,negative-deactive,frame_008020.PNG
negative-active,negative-deactive,frame_008021.PNG
negative-active,negative-active,frame_008022.PNG
negative-active,negative-active,frame_008023.PNG
negative-active,negative-active,frame_008024.PNG
negative-active,negative-active,frame_008025.PNG
negative-active,negative-active,frame_008026.PNG
negative-active,negative-active,frame_008027.PNG
negative-active,negative-active,frame_008028.PNG
negative-active,negative-active,frame_008029.PNG
negative-active,negative-active,frame_008030.PNG
negative-active,negative-active,frame_008031.PNG
negative-active,negative-active,frame_008032.PNG
neutral,negative-active,frame_008038.PNG
neutral,negative-active,frame_008039.PNG
neutral,negative-active,frame_008040.PNG
neutral,negative-active,frame_008041.PNG
neutral,negative-active,frame_008042.PNG
neutral,negative-active,frame_008043.PNG
neutral,negative-active,frame_008044.PNG
neutral,negative-active,frame_008045.PNG
neutral,negative-active,frame_008046.PNG
neutral,negative-active,frame_008047.PNG
neutral,negative-active,frame_008048.PNG
neutral,negative-active,frame_008049.PNG
neutral,negative-active,frame_008050.PNG
neutral,negative-active,frame_008051.PNG
neutral,negative-active,frame_008052.PNG
negative-active,negative-active,frame_008053.PNG
negative-active,negative-active,frame_008054.PNG
negative-active,negative-deactive,frame_008060.PNG
negative-active,negative-deactive,frame_008061.PNG
negative-active,negative-deactive,frame_008062.PNG
negative-active,negative-active,frame_008063.PNG
negative-active,negative-active,frame_008064.PNG
negative-active,negative-active,frame_008065.PNG
negative-active,negative-active,frame_008066.PNG
negative-active,negative-active,frame_008067.PNG
negative-active,negative-active,frame_008068.PNG
negative-active,negative-active,frame_008069.PNG
negative-active,negative-active,frame_008070.PNG
negative-active,negative-active,frame_008071.PNG
negative-active,negative-active,frame_008072.PNG
negative-active,negative-active,frame_008073.PNG
negative-active,negative-active,frame_008074.PNG
negative-active,negative-active,frame_008075.PNG
negative-active,negative-active,frame_008076.PNG
negative-deactive,negative-active,frame_008077.PNG
negative-deactive,negative-active,frame_008078.PNG
negative-deactive,negative-active,frame_008082.PNG
negative-deactive,negative-active,frame_008083.PNG
negative-active,negative-active,frame_008084.PNG
negative-active,negative-active,frame_008085.PNG
negative-active,negative-active,frame_008086.PNG
negative-active,negative-active,frame_008087.PNG
negative-active,negative-active,frame_008088.PNG
negative-active,negative-active,frame_008089.PNG
negative-active,negative-active,frame_008090.PNG
negative-active,negative-active,frame_008091.PNG
negative-active,negative-active,frame_008092.PNG
negative-active,negative-active,frame_008093.PNG
negative-active,negative-active,frame_008094.PNG
negative-active,negative-active,frame_008095.PNG
neutral,negative-deactive,frame_008100.PNG
neutral,negative-deactive,frame_008101.PNG
neutral,negative-deactive,frame_008102.PNG
neutral,negative-deactive,frame_008103.PNG
neutral,negative-deactive,frame_008104.PNG
neutral,negative-active,frame_008105.PNG
neutral,negative-active,frame_008106.PNG
neutral,negative-active,frame_008107.PNG
neutral,negative-active,frame_008108.PNG
neutral,negative-active,frame_008109.PNG
neutral,negative-active,frame_008110.PNG
neutral,negative-deactive,frame_008116.PNG
neutral,negative-deactive,frame_008117.PNG
neutral,negative-deactive,frame_008118.PNG
neutral,negative-deactive,frame_008119.PNG
neutral,negative-deactive,frame_008120.PNG
neutral,negative-deactive,frame_008121.PNG
neutral,negative-deactive,frame_008122.PNG
neutral,negative-deactive,frame_008123.PNG
neutral,negative-deactive,frame_008124.PNG
neutral,negative-deactive,frame_008125.PNG
neutral,negative-deactive,frame_008126.PNG
neutral,negative-deactive,frame_008127.PNG
neutral,negative-deactive,frame_008128.PNG
neutral,negative-active,frame_008129.PNG
neutral,negative-active,frame_008130.PNG
neutral,negative-active,frame_008131.PNG
neutral,negative-active,frame_008132.PNG
neutral,negative-active,frame_008133.PNG
negative-active,negative-active,frame_008134.PNG
negative-active,negative-active,frame_008135.PNG
negative-active,negative-active,frame_008136.PNG
negative-active,negative-active,frame_008137.PNG
negative-active,negative-active,frame_008138.PNG
negative-active,negative-active,frame_008139.PNG
negative-active,negative-active,frame_008140.PNG
negative-active,negative-active,frame_008141.PNG
negative-active,negative-active,frame_008142.PNG
negative-active,negative-active,frame_008143.PNG
negative-active,negative-active,frame_008144.PNG
negative-active,negative-active,frame_008145.PNG
negative-active,negative-active,frame_008146.PNG
negative-active,negative-active,frame_008147.PNG
negative-active,negative-active,frame_008148.PNG
negative-active,negative-active,frame_008149.PNG
negative-active,negative-active,frame_008150.PNG
negative-active,negative-active,frame_008151.PNG
negative-active,negative-active,frame_008152.PNG
negative-active,negative-active,frame_008153.PNG
negative-active,negative-active,frame_008154.PNG
negative-active,negative-active,frame_008155.PNG
negative-deactive,negative-deactive,frame_008156.PNG
negative-deactive,negative-deactive,frame_008157.PNG
negative-deactive,negative-deactive,frame_008158.PNG
negative-deactive,negative-deactive,frame_008159.PNG
negative-deactive,negative-deactive,frame_008160.PNG
negative-deactive,negative-deactive,frame_008161.PNG
negative-deactive,negative-deactive,frame_008162.PNG
negative-deactive,negative-deactive,frame_008163.PNG
negative-deactive,negative-deactive,frame_008164.PNG
negative-deactive,negative-deactive,frame_008165.PNG
negative-deactive,negative-deactive,frame_008166.PNG
negative-deactive,negative-deactive,frame_008167.PNG
negative-deactive,negative-deactive,frame_008168.PNG
negative-deactive,negative-deactive,frame_008169.PNG
negative-deactive,negative-deactive,frame_008170.PNG
negative-deactive,negative-deactive,frame_008171.PNG
negative-deactive,negative-deactive,frame_008172.PNG
negative-deactive,negative-deactive,frame_008173.PNG
negative-deactive,negative-deactive,frame_008174.PNG
negative-deactive,negative-deactive,frame_008175.PNG
negative-deactive,negative-deactive,frame_008176.PNG
negative-deactive,negative-deactive,frame_008177.PNG
negative-deactive,neutral,frame_008184.PNG
negative-deactive,neutral,frame_008185.PNG
negative-deactive,neutral,frame_008186.PNG
negative-deactive,negative-deactive,frame_008187.PNG
negative-deactive,negative-deactive,frame_008188.PNG
negative-deactive,negative-deactive,frame_008189.PNG
negative-deactive,negative-deactive,frame_008190.PNG
negative-deactive,negative-deactive,frame_008191.PNG
negative-deactive,negative-deactive,frame_008192.PNG
negative-deactive,negative-deactive,frame_008193.PNG
negative-deactive,negative-deactive,frame_008194.PNG
negative-deactive,negative-deactive,frame_008195.PNG
negative-deactive,negative-deactive,frame_008196.PNG
negative-deactive,negative-deactive,frame_008197.PNG
negative-deactive,negative-deactive,frame_008198.PNG
negative-deactive,negative-deactive,frame_008199.PNG
negative-deactive,negative-deactive,frame_008200.PNG
negative-deactive,neutral,frame_008207.PNG
neutral,neutral,frame_008208.PNG
neutral,neutral,frame_008209.PNG
neutral,neutral,frame_008210.PNG
neutral,neutral,frame_008211.PNG
neutral,neutral,frame_008212.PNG
neutral,neutral,frame_008213.PNG
neutral,neutral,frame_008214.PNG
neutral,neutral,frame_008215.PNG
neutral,neutral,frame_008216.PNG
neutral,neutral,frame_008217.PNG
neutral,neutral,frame_008218.PNG
neutral,neutral,frame_008219.PNG
neutral,neutral,frame_008220.PNG
neutral,neutral,frame_008221.PNG
neutral,neutral,frame_008222.PNG
neutral,neutral,frame_008223.PNG
neutral,neutral,frame_008224.PNG
neutral,neutral,frame_008225.PNG
neutral,neutral,frame_008226.PNG
neutral,neutral,frame_008227.PNG
neutral,neutral,frame_008228.PNG
neutral,neutral,frame_008229.PNG
neutral,neutral,frame_008230.PNG
neutral,neutral,frame_008231.PNG
neutral,neutral,frame_008232.PNG
neutral,neutral,frame_008233.PNG
neutral,neutral,frame_008234.PNG
neutral,neutral,frame_008235.PNG
neutral,neutral,frame_008236.PNG
neutral,neutral,frame_008237.PNG
neutral,neutral,frame_008238.PNG
neutral,neutral,frame_008239.PNG
neutral,neutral,frame_008240.PNG
neutral,neutral,frame_008241.PNG
neutral,neutral,frame_008242.PNG
neutral,neutral,frame_008243.PNG
neutral,neutral,frame_008244.PNG
neutral,neutral,frame_008245.PNG
neutral,neutral,frame_008246.PNG
negative-deactive,negative-deactive,frame_008253.PNG
negative-deactive,negative-deactive,frame_008254.PNG
negative-deactive,negative-deactive,frame_008255.PNG
negative-deactive,negative-deactive,frame_008256.PNG
negative-deactive,negative-deactive,frame_008257.PNG
negative-deactive,negative-deactive,frame_008258.PNG
negative-deactive,negative-deactive,frame_008259.PNG
negative-deactive,negative-deactive,frame_008260.PNG
negative-deactive,negative-deactive,frame_008261.PNG
negative-deactive,negative-deactive,frame_008262.PNG
negative-deactive,negative-deactive,frame_008263.PNG
negative-deactive,negative-deactive,frame_008264.PNG
negative-deactive,negative-deactive,frame_008265.PNG
negative-deactive,negative-deactive,frame_008266.PNG
negative-deactive,negative-deactive,frame_008267.PNG
negative-deactive,negative-deactive,frame_008268.PNG
neutral,negative-deactive,frame_008269.PNG
neutral,negative-deactive,frame_008270.PNG
neutral,negative-deactive,frame_008271.PNG
neutral,negative-deactive,frame_008272.PNG
neutral,negative-deactive,frame_008273.PNG
neutral,negative-deactive,frame_008274.PNG
neutral,negative-deactive,frame_008275.PNG
neutral,negative-deactive,frame_008276.PNG
neutral,negative-deactive,frame_008277.PNG
neutral,negative-deactive,frame_008278.PNG
neutral,negative-deactive,frame_008279.PNG
neutral,negative-deactive,frame_008280.PNG
neutral,negative-deactive,frame_008281.PNG
neutral,negative-active,frame_008282.PNG
neutral,negative-active,frame_008283.PNG
neutral,negative-active,frame_008284.PNG
neutral,negative-active,frame_008285.PNG
neutral,negative-active,frame_008286.PNG
neutral,negative-active,frame_008287.PNG
neutral,negative-active,frame_008288.PNG
neutral,negative-active,frame_008289.PNG
neutral,negative-active,frame_008290.PNG
neutral,negative-active,frame_008291.PNG
neutral,negative-active,frame_008292.PNG
neutral,negative-active,frame_008293.PNG
neutral,negative-active,frame_008294.PNG
neutral,negative-active,frame_008295.PNG
neutral,negative-active,frame_008296.PNG
neutral,negative-active,frame_008297.PNG
neutral,negative-active,frame_008298.PNG
neutral,negative-active,frame_008299.PNG
neutral,negative-active,frame_008300.PNG
neutral,negative-active,frame_008301.PNG
negative-deactive,negative-active,frame_008308.PNG
negative-deactive,negative-active,frame_008309.PNG
negative-deactive,negative-active,frame_008310.PNG
negative-deactive,negative-active,frame_008311.PNG
negative-deactive,negative-active,frame_008312.PNG
negative-deactive,negative-active,frame_008313.PNG
negative-deactive,negative-active,frame_008314.PNG
negative-deactive,negative-active,frame_008315.PNG
negative-deactive,negative-active,frame_008316.PNG
negative-deactive,negative-active,frame_008317.PNG
negative-deactive,negative-active,frame_008318.PNG
negative-deactive,negative-active,frame_008319.PNG
negative-deactive,negative-active,frame_008320.PNG
negative-deactive,negative-active,frame_008321.PNG
negative-deactive,negative-active,frame_008322.PNG
positive-deactive,negative-active,frame_008323.PNG
negative-deactive,negative-active,frame_008324.PNG
negative-deactive,negative-active,frame_008325.PNG
negative-deactive,negative-active,frame_008326.PNG
negative-deactive,negative-active,frame_008327.PNG
negative-deactive,negative-active,frame_008328.PNG
positive-deactive,negative-active,frame_008329.PNG
positive-deactive,negative-active,frame_008330.PNG
positive-deactive,negative-active,frame_008331.PNG
positive-deactive,negative-active,frame_008332.PNG
positive-deactive,negative-active,frame_008333.PNG
positive-deactive,negative-active,frame_008334.PNG
positive-deactive,negative-active,frame_008335.PNG
positive-deactive,negative-active,frame_008336.PNG
negative-deactive,negative-active,frame_008339.PNG
negative-deactive,negative-active,frame_008340.PNG
negative-deactive,negative-active,frame_008341.PNG
negative-active,negative-active,frame_008342.PNG
negative-active,negative-deactive,frame_008344.PNG
negative-active,negative-deactive,frame_008345.PNG
negative-active,negative-deactive,frame_008346.PNG
negative-active,negative-deactive,frame_008347.PNG
negative-active,negative-deactive,frame_008348.PNG
negative-active,negative-deactive,frame_008349.PNG
negative-active,negative-deactive,frame_008350.PNG
negative-active,negative-deactive,frame_008351.PNG
negative-active,negative-deactive,frame_008352.PNG
negative-active,negative-deactive,frame_008353.PNG
negative-active,negative-deactive,frame_008354.PNG
negative-active,negative-deactive,frame_008355.PNG
negative-active,negative-deactive,frame_008356.PNG
negative-active,negative-deactive,frame_008357.PNG
negative-active,negative-deactive,frame_008358.PNG
negative-active,negative-deactive,frame_008359.PNG
negative-active,negative-deactive,frame_008360.PNG
negative-active,negative-deactive,frame_008361.PNG
negative-active,negative-deactive,frame_008362.PNG
negative-active,negative-deactive,frame_008363.PNG
negative-active,negative-deactive,frame_008364.PNG
negative-active,negative-deactive,frame_008365.PNG
negative-active,negative-deactive,frame_008366.PNG
negative-active,negative-deactive,frame_008367.PNG
negative-active,negative-deactive,frame_008368.PNG
negative-active,negative-deactive,frame_008369.PNG
negative-active,negative-deactive,frame_008370.PNG
negative-active,negative-deactive,frame_008371.PNG
negative-active,negative-deactive,frame_008372.PNG
negative-active,negative-deactive,frame_008373.PNG
negative-active,negative-deactive,frame_008374.PNG
negative-active,negative-deactive,frame_008375.PNG
negative-active,negative-deactive,frame_008376.PNG
negative-deactive,negative-deactive,frame_008377.PNG
negative-deactive,negative-deactive,frame_008378.PNG
negative-deactive,negative-deactive,frame_008379.PNG
negative-deactive,negative-deactive,frame_008380.PNG
negative-deactive,negative-deactive,frame_008381.PNG
negative-deactive,negative-deactive,frame_008382.PNG
negative-deactive,negative-deactive,frame_008383.PNG
negative-deactive,negative-deactive,frame_008384.PNG
negative-deactive,negative-deactive,frame_008385.PNG
negative-deactive,negative-deactive,frame_008391.PNG
negative-deactive,negative-deactive,frame_008392.PNG
negative-deactive,negative-deactive,frame_008393.PNG
negative-deactive,negative-deactive,frame_008394.PNG
negative-deactive,negative-deactive,frame_008395.PNG
negative-deactive,negative-deactive,frame_008396.PNG
negative-deactive,negative-deactive,frame_008397.PNG
negative-deactive,negative-deactive,frame_008398.PNG
negative-deactive,negative-deactive,frame_008399.PNG
negative-deactive,negative-deactive,frame_008400.PNG
negative-deactive,negative-deactive,frame_008401.PNG
negative-deactive,negative-deactive,frame_008402.PNG
negative-deactive,negative-deactive,frame_008403.PNG
negative-deactive,negative-deactive,frame_008404.PNG
negative-deactive,negative-deactive,frame_008405.PNG
negative-deactive,negative-deactive,frame_008406.PNG
negative-deactive,negative-deactive,frame_008407.PNG
positive-deactive,negative-deactive,frame_008408.PNG
negative-deactive,negative-deactive,frame_008422.PNG
negative-deactive,negative-deactive,frame_008423.PNG
negative-deactive,negative-deactive,frame_008424.PNG
negative-deactive,negative-deactive,frame_008425.PNG
negative-deactive,negative-deactive,frame_008426.PNG
negative-deactive,negative-deactive,frame_008427.PNG
negative-deactive,negative-deactive,frame_008428.PNG
negative-deactive,negative-deactive,frame_008429.PNG
negative-deactive,negative-deactive,frame_008430.PNG
negative-deactive,negative-deactive,frame_008431.PNG
negative-deactive,negative-deactive,frame_008432.PNG
negative-deactive,negative-deactive,frame_008433.PNG
positive-deactive,negative-deactive,frame_008439.PNG
positive-deactive,negative-deactive,frame_008440.PNG
positive-deactive,negative-deactive,frame_008441.PNG
positive-deactive,negative-deactive,frame_008442.PNG
positive-deactive,negative-deactive,frame_008443.PNG
positive-deactive,positive-active,frame_008447.PNG
positive-deactive,positive-active,frame_008448.PNG
positive-deactive,positive-active,frame_008449.PNG
positive-deactive,positive-active,frame_008450.PNG
positive-deactive,positive-active,frame_008451.PNG
positive-deactive,positive-active,frame_008452.PNG
positive-deactive,positive-active,frame_008453.PNG
positive-deactive,positive-active,frame_008454.PNG
positive-deactive,positive-active,frame_008455.PNG
positive-deactive,positive-active,frame_008456.PNG
positive-active,positive-active,frame_008457.PNG
positive-active,positive-active,frame_008458.PNG
positive-active,positive-active,frame_008459.PNG
positive-deactive,negative-deactive,frame_008466.PNG
positive-deactive,negative-deactive,frame_008467.PNG
positive-deactive,negative-deactive,frame_008468.PNG
negative-active,negative-deactive,frame_008469.PNG
negative-active,negative-deactive,frame_008470.PNG
negative-active,negative-deactive,frame_008471.PNG
negative-active,negative-deactive,frame_008472.PNG
negative-active,negative-active,frame_008473.PNG
negative-active,negative-active,frame_008474.PNG
negative-active,negative-active,frame_008475.PNG
positive-active,positive-active,frame_008487.PNG
positive-active,positive-active,frame_008488.PNG
positive-active,positive-active,frame_008489.PNG
positive-active,positive-active,frame_008490.PNG
positive-active,positive-active,frame_008491.PNG
positive-active,positive-active,frame_008492.PNG
positive-active,positive-active,frame_008493.PNG
positive-active,positive-active,frame_008494.PNG
positive-active,positive-active,frame_008495.PNG
positive-active,positive-active,frame_008496.PNG
positive-active,positive-active,frame_008497.PNG
positive-active,positive-active,frame_008498.PNG
positive-active,positive-active,frame_008499.PNG
positive-active,positive-active,frame_008500.PNG
positive-active,negative-deactive,frame_008501.PNG
positive-active,negative-deactive,frame_008502.PNG
positive-active,negative-deactive,frame_008503.PNG
positive-active,negative-deactive,frame_008504.PNG
positive-active,negative-deactive,frame_008505.PNG
positive-active,negative-deactive,frame_008506.PNG
positive-active,negative-deactive,frame_008507.PNG
positive-active,negative-deactive,frame_008508.PNG
positive-active,negative-deactive,frame_008509.PNG
positive-active,negative-deactive,frame_008510.PNG
positive-active,negative-deactive,frame_008511.PNG
positive-active,negative-deactive,frame_008512.PNG
positive-active,negative-deactive,frame_008513.PNG
positive-active,negative-deactive,frame_008514.PNG
positive-active,negative-deactive,frame_008515.PNG
positive-deactive,negative-deactive,frame_008522.PNG
positive-deactive,negative-deactive,frame_008523.PNG
positive-deactive,negative-deactive,frame_008524.PNG
positive-deactive,negative-deactive,frame_008525.PNG
positive-deactive,negative-deactive,frame_008526.PNG
positive-deactive,negative-deactive,frame_008527.PNG
positive-deactive,negative-deactive,frame_008528.PNG
positive-deactive,negative-deactive,frame_008529.PNG
positive-deactive,negative-deactive,frame_008530.PNG
positive-active,negative-deactive,frame_008531.PNG
positive-active,negative-deactive,frame_008532.PNG
positive-active,negative-deactive,frame_008533.PNG
negative-deactive,negative-deactive,frame_008534.PNG
negative-deactive,negative-deactive,frame_008535.PNG
negative-deactive,negative-deactive,frame_008536.PNG
negative-deactive,negative-deactive,frame_008537.PNG
negative-deactive,negative-deactive,frame_008538.PNG
negative-deactive,negative-deactive,frame_008539.PNG
negative-deactive,negative-deactive,frame_008540.PNG
negative-deactive,negative-deactive,frame_008541.PNG
negative-deactive,negative-deactive,frame_008542.PNG
negative-deactive,negative-deactive,frame_008543.PNG
negative-deactive,negative-deactive,frame_008544.PNG
negative-deactive,negative-deactive,frame_008545.PNG
negative-deactive,negative-deactive,frame_008546.PNG
negative-deactive,negative-deactive,frame_008547.PNG
negative-deactive,negative-deactive,frame_008548.PNG
negative-deactive,negative-deactive,frame_008549.PNG
negative-deactive,negative-deactive,frame_008550.PNG
negative-deactive,negative-deactive,frame_008551.PNG
negative-deactive,negative-deactive,frame_008552.PNG
negative-deactive,negative-deactive,frame_008553.PNG
positive-active,negative-deactive,frame_008554.PNG
positive-active,negative-deactive,frame_008555.PNG
positive-active,negative-deactive,frame_008556.PNG
positive-active,negative-deactive,frame_008557.PNG
positive-active,negative-deactive,frame_008558.PNG
positive-active,negative-deactive,frame_008559.PNG
positive-active,negative-deactive,frame_008560.PNG
positive-active,negative-deactive,frame_008561.PNG
positive-active,negative-deactive,frame_008562.PNG
positive-active,negative-deactive,frame_008563.PNG
positive-deactive,negative-deactive,frame_008568.PNG
positive-deactive,negative-deactive,frame_008569.PNG
positive-deactive,negative-deactive,frame_008570.PNG
positive-deactive,negative-deactive,frame_008571.PNG
negative-deactive,negative-deactive,frame_008572.PNG
negative-deactive,negative-deactive,frame_008573.PNG
negative-deactive,negative-deactive,frame_008574.PNG
negative-deactive,negative-deactive,frame_008575.PNG
negative-deactive,negative-deactive,frame_008576.PNG
negative-deactive,negative-deactive,frame_008577.PNG
negative-deactive,negative-deactive,frame_008578.PNG
negative-deactive,negative-deactive,frame_008579.PNG
negative-deactive,negative-deactive,frame_008580.PNG
negative-deactive,negative-deactive,frame_008581.PNG
negative-deactive,negative-deactive,frame_008582.PNG
negative-deactive,negative-deactive,frame_008583.PNG
negative-deactive,negative-deactive,frame_008584.PNG
negative-deactive,negative-deactive,frame_008585.PNG
negative-deactive,negative-deactive,frame_008586.PNG
negative-deactive,negative-deactive,frame_008587.PNG
negative-deactive,negative-deactive,frame_008588.PNG
negative-deactive,positive-active,frame_008589.PNG
negative-deactive,positive-active,frame_008590.PNG
negative-deactive,positive-active,frame_008591.PNG
negative-deactive,negative-deactive,frame_008592.PNG
negative-deactive,negative-deactive,frame_008593.PNG
negative-deactive,negative-deactive,frame_008594.PNG
negative-deactive,negative-deactive,frame_008595.PNG
negative-deactive,negative-deactive,frame_008596.PNG
negative-deactive,negative-deactive,frame_008597.PNG
negative-deactive,negative-deactive,frame_008598.PNG
negative-deactive,negative-deactive,frame_008599.PNG
negative-deactive,negative-deactive,frame_008600.PNG
negative-deactive,negative-deactive,frame_008601.PNG
negative-deactive,negative-deactive,frame_008602.PNG
negative-deactive,negative-deactive,frame_008603.PNG
negative-deactive,negative-deactive,frame_008604.PNG
negative-deactive,negative-deactive,frame_008605.PNG
negative-deactive,negative-deactive,frame_008606.PNG
negative-deactive,negative-deactive,frame_008607.PNG
negative-deactive,negative-deactive,frame_008608.PNG
negative-deactive,negative-deactive,frame_008613.PNG
negative-deactive,negative-deactive,frame_008614.PNG
negative-deactive,negative-deactive,frame_008615.PNG
negative-deactive,negative-deactive,frame_008616.PNG
negative-deactive,negative-deactive,frame_008617.PNG
negative-deactive,negative-deactive,frame_008618.PNG
negative-deactive,negative-deactive,frame_008619.PNG
negative-deactive,negative-deactive,frame_008620.PNG
negative-deactive,negative-active,frame_008621.PNG
negative-deactive,negative-active,frame_008622.PNG
negative-deactive,negative-active,frame_008623.PNG
negative-deactive,negative-active,frame_008624.PNG
negative-deactive,negative-active,frame_008625.PNG
negative-deactive,negative-active,frame_008626.PNG
negative-deactive,negative-active,frame_008627.PNG
negative-deactive,negative-active,frame_008628.PNG
negative-deactive,negative-active,frame_008629.PNG
neutral,negative-active,frame_008634.PNG
neutral,negative-active,frame_008635.PNG
negative-deactive,negative-active,frame_008636.PNG
negative-deactive,negative-active,frame_008637.PNG
negative-deactive,negative-active,frame_008638.PNG
negative-deactive,negative-active,frame_008639.PNG
negative-deactive,negative-active,frame_008640.PNG
negative-deactive,negative-active,frame_008641.PNG
negative-deactive,negative-active,frame_008642.PNG
negative-deactive,negative-active,frame_008643.PNG
negative-deactive,negative-active,frame_008644.PNG
negative-deactive,negative-deactive,frame_008645.PNG
negative-deactive,negative-deactive,frame_008646.PNG
negative-deactive,negative-deactive,frame_008647.PNG
neutral,negative-deactive,frame_008654.PNG
neutral,negative-deactive,frame_008655.PNG
negative-deactive,negative-deactive,frame_008656.PNG
negative-deactive,negative-deactive,frame_008657.PNG
negative-deactive,negative-deactive,frame_008658.PNG
negative-deactive,negative-deactive,frame_008659.PNG
neutral,negative-active,frame_008660.PNG
neutral,negative-active,frame_008661.PNG
neutral,negative-active,frame_008662.PNG
neutral,negative-active,frame_008663.PNG
neutral,negative-deactive,frame_008670.PNG
neutral,negative-deactive,frame_008671.PNG
neutral,negative-deactive,frame_008672.PNG
neutral,negative-deactive,frame_008673.PNG
negative-active,negative-deactive,frame_008674.PNG
negative-active,negative-deactive,frame_008675.PNG
negative-active,negative-deactive,frame_008676.PNG
negative-active,negative-deactive,frame_008677.PNG
negative-active,negative-deactive,frame_008678.PNG
negative-active,negative-active,frame_008679.PNG
negative-active,negative-active,frame_008680.PNG
negative-active,negative-active,frame_008681.PNG
negative-active,negative-active,frame_008682.PNG
negative-active,negative-active,frame_008683.PNG
neutral,negative-active,frame_008688.PNG
neutral,negative-active,frame_008689.PNG
neutral,negative-active,frame_008690.PNG
neutral,negative-active,frame_008691.PNG
neutral,negative-active,frame_008692.PNG
negative-active,negative-active,frame_008693.PNG
negative-active,negative-active,frame_008694.PNG
negative-active,negative-active,frame_008695.PNG
negative-active,negative-active,frame_008696.PNG
negative-deactive,negative-deactive,frame_008704.PNG
negative-deactive,negative-deactive,frame_008705.PNG
negative-active,negative-deactive,frame_008706.PNG
negative-active,negative-deactive,frame_008707.PNG
negative-active,negative-deactive,frame_008708.PNG
negative-active,negative-active,frame_008709.PNG
negative-active,negative-active,frame_008710.PNG
negative-active,negative-active,frame_008711.PNG
negative-active,negative-active,frame_008712.PNG
negative-active,negative-active,frame_008713.PNG
negative-active,negative-active,frame_008714.PNG
negative-active,negative-active,frame_008715.PNG
negative-active,negative-active,frame_008716.PNG
negative-active,negative-active,frame_008717.PNG
negative-active,negative-active,frame_008718.PNG
negative-active,negative-active,frame_008719.PNG
negative-active,negative-active,frame_008720.PNG
negative-active,negative-active,frame_008721.PNG
negative-active,negative-active,frame_008722.PNG
negative-active,negative-active,frame_008723.PNG
negative-active,negative-active,frame_008724.PNG
negative-active,negative-active,frame_008725.PNG
negative-active,negative-active,frame_008726.PNG
negative-active,negative-active,frame_008727.PNG
negative-active,negative-active,frame_008728.PNG
negative-active,negative-active,frame_008729.PNG
negative-active,negative-active,frame_008730.PNG
negative-active,negative-active,frame_008731.PNG
negative-active,negative-active,frame_008732.PNG
negative-active,negative-active,frame_008733.PNG
negative-active,negative-active,frame_008734.PNG
negative-active,negative-active,frame_008735.PNG
negative-active,negative-active,frame_008736.PNG
negative-active,negative-active,frame_008737.PNG
negative-active,negative-active,frame_008738.PNG
negative-active,negative-active,frame_008739.PNG
negative-active,negative-active,frame_008740.PNG
negative-active,negative-active,frame_008741.PNG
negative-active,negative-active,frame_008742.PNG
negative-active,negative-active,frame_008743.PNG
negative-active,negative-active,frame_008744.PNG
negative-active,negative-active,frame_008745.PNG
negative-active,negative-active,frame_008746.PNG
negative-active,negative-active,frame_008747.PNG
negative-active,negative-active,frame_008748.PNG
negative-active,negative-active,frame_008749.PNG
negative-active,negative-active,frame_008750.PNG
negative-active,negative-active,frame_008751.PNG
negative-active,negative-active,frame_008752.PNG
negative-active,negative-active,frame_008753.PNG
negative-active,negative-active,frame_008754.PNG
negative-active,negative-active,frame_008755.PNG
negative-active,negative-active,frame_008756.PNG
negative-active,negative-active,frame_008757.PNG
negative-active,negative-active,frame_008758.PNG
negative-active,negative-active,frame_008759.PNG
negative-active,negative-active,frame_008760.PNG
negative-active,negative-active,frame_008761.PNG
negative-active,negative-deactive,frame_008769.PNG
negative-active,negative-deactive,frame_008770.PNG
negative-active,negative-deactive,frame_008771.PNG
negative-active,negative-deactive,frame_008772.PNG
negative-active,negative-deactive,frame_008773.PNG
negative-active,negative-deactive,frame_008774.PNG
negative-active,negative-deactive,frame_008775.PNG
negative-deactive,negative-deactive,frame_008781.PNG
negative-deactive,negative-deactive,frame_008782.PNG
negative-deactive,negative-deactive,frame_008783.PNG
negative-deactive,negative-active,frame_008784.PNG
negative-deactive,negative-active,frame_008785.PNG
negative-deactive,negative-active,frame_008786.PNG
negative-deactive,negative-active,frame_008787.PNG
negative-deactive,negative-active,frame_008788.PNG
negative-deactive,negative-active,frame_008789.PNG
positive-deactive,negative-deactive,frame_008795.PNG
positive-deactive,negative-deactive,frame_008796.PNG
positive-deactive,negative-deactive,frame_008797.PNG
positive-deactive,negative-deactive,frame_008798.PNG
positive-deactive,negative-deactive,frame_008799.PNG
negative-deactive,negative-deactive,frame_008800.PNG
negative-deactive,negative-deactive,frame_008801.PNG
negative-deactive,negative-deactive,frame_008802.PNG
negative-deactive,negative-deactive,frame_008803.PNG
negative-deactive,negative-deactive,frame_008804.PNG
negative-deactive,negative-deactive,frame_008805.PNG
negative-deactive,negative-deactive,frame_008806.PNG
negative-deactive,negative-deactive,frame_008807.PNG
positive-active,positive-deactive,frame_008831.PNG
positive-active,positive-deactive,frame_008832.PNG
positive-active,positive-deactive,frame_008833.PNG
positive-active,positive-deactive,frame_008834.PNG
positive-active,positive-deactive,frame_008835.PNG
positive-active,positive-deactive,frame_008836.PNG
positive-active,positive-deactive,frame_008837.PNG
positive-active,positive-deactive,frame_008838.PNG
positive-active,positive-deactive,frame_008839.PNG
positive-active,positive-deactive,frame_008840.PNG
positive-active,positive-deactive,frame_008841.PNG
positive-deactive,positive-deactive,frame_008842.PNG
positive-deactive,positive-active,frame_008843.PNG
positive-deactive,positive-active,frame_008844.PNG
positive-deactive,positive-active,frame_008845.PNG
positive-deactive,positive-active,frame_008846.PNG
positive-deactive,positive-active,frame_008847.PNG
positive-deactive,positive-active,frame_008848.PNG
positive-deactive,positive-active,frame_008849.PNG
positive-deactive,positive-active,frame_008850.PNG
positive-deactive,positive-active,frame_008851.PNG
positive-deactive,negative-deactive,frame_008856.PNG
positive-deactive,negative-deactive,frame_008857.PNG
positive-deactive,negative-deactive,frame_008858.PNG
positive-deactive,negative-deactive,frame_008859.PNG
positive-active,negative-deactive,frame_008860.PNG
positive-active,negative-deactive,frame_008861.PNG
positive-deactive,negative-deactive,frame_008862.PNG
positive-deactive,negative-deactive,frame_008863.PNG
positive-deactive,negative-deactive,frame_008864.PNG
negative-deactive,negative-deactive,frame_008865.PNG
negative-deactive,negative-deactive,frame_008867.PNG
negative-deactive,negative-deactive,frame_008868.PNG
negative-deactive,negative-deactive,frame_008869.PNG
negative-deactive,negative-deactive,frame_008870.PNG
positive-active,negative-deactive,frame_008871.PNG
positive-active,negative-deactive,frame_008872.PNG
positive-active,negative-deactive,frame_008873.PNG
positive-active,negative-deactive,frame_008874.PNG
positive-active,negative-deactive,frame_008875.PNG
positive-active,negative-deactive,frame_008876.PNG
positive-active,negative-deactive,frame_008877.PNG
positive-deactive,negative-deactive,frame_008878.PNG
positive-deactive,negative-deactive,frame_008885.PNG
positive-deactive,negative-deactive,frame_008886.PNG
positive-deactive,negative-deactive,frame_008887.PNG
positive-active,negative-deactive,frame_008888.PNG
positive-active,negative-deactive,frame_008889.PNG
positive-active,negative-deactive,frame_008890.PNG
positive-active,negative-deactive,frame_008891.PNG
positive-active,negative-deactive,frame_008892.PNG
positive-active,negative-deactive,frame_008893.PNG
positive-active,negative-deactive,frame_008894.PNG
positive-active,negative-deactive,frame_008895.PNG
positive-active,negative-deactive,frame_008896.PNG
positive-active,negative-deactive,frame_008897.PNG
positive-active,negative-deactive,frame_008898.PNG
positive-active,negative-deactive,frame_008899.PNG
positive-active,negative-deactive,frame_008900.PNG
positive-active,negative-deactive,frame_008901.PNG
positive-active,negative-deactive,frame_008902.PNG
positive-active,negative-deactive,frame_008903.PNG
positive-active,negative-deactive,frame_008904.PNG
positive-active,negative-deactive,frame_008905.PNG
positive-active,negative-deactive,frame_008906.PNG
positive-deactive,negative-deactive,frame_008907.PNG
negative-deactive,negative-deactive,frame_008908.PNG
negative-deactive,negative-deactive,frame_008909.PNG
negative-active,negative-deactive,frame_008910.PNG
negative-active,negative-deactive,frame_008911.PNG
negative-active,negative-deactive,frame_008912.PNG
negative-active,negative-deactive,frame_008913.PNG
negative-active,negative-deactive,frame_008914.PNG
negative-active,negative-deactive,frame_008915.PNG
negative-active,negative-deactive,frame_008916.PNG
negative-active,negative-deactive,frame_008917.PNG
negative-active,negative-deactive,frame_008921.PNG
negative-active,negative-deactive,frame_008922.PNG
negative-active,negative-deactive,frame_008923.PNG
negative-active,negative-deactive,frame_008924.PNG
negative-active,negative-deactive,frame_008925.PNG
negative-active,negative-deactive,frame_008926.PNG
negative-active,negative-deactive,frame_008927.PNG
negative-active,negative-deactive,frame_008928.PNG
negative-active,negative-deactive,frame_008929.PNG
negative-active,negative-deactive,frame_008930.PNG
negative-active,negative-deactive,frame_008931.PNG
negative-active,negative-deactive,frame_008932.PNG
negative-active,negative-deactive,frame_008933.PNG
negative-active,negative-deactive,frame_008934.PNG
negative-active,negative-deactive,frame_008935.PNG
negative-active,negative-deactive,frame_008936.PNG
negative-active,negative-deactive,frame_008937.PNG
negative-deactive,negative-deactive,frame_008938.PNG
negative-deactive,negative-deactive,frame_008939.PNG
negative-deactive,negative-deactive,frame_008940.PNG
negative-deactive,negative-deactive,frame_008941.PNG
negative-deactive,negative-deactive,frame_008942.PNG
negative-deactive,negative-deactive,frame_008943.PNG
negative-deactive,negative-deactive,frame_008944.PNG
negative-deactive,negative-deactive,frame_008945.PNG
negative-deactive,negative-deactive,frame_008946.PNG
negative-deactive,negative-deactive,frame_008947.PNG
negative-deactive,negative-deactive,frame_008948.PNG
negative-deactive,negative-deactive,frame_008949.PNG
negative-deactive,positive-active,frame_008950.PNG
negative-deactive,positive-active,frame_008951.PNG
negative-deactive,positive-active,frame_008952.PNG
negative-deactive,positive-active,frame_008953.PNG
negative-deactive,positive-active,frame_008954.PNG
negative-deactive,negative-deactive,frame_008955.PNG
negative-deactive,negative-deactive,frame_008962.PNG
negative-active,negative-deactive,frame_008963.PNG
negative-active,negative-deactive,frame_008964.PNG
negative-active,negative-deactive,frame_008965.PNG
negative-active,negative-deactive,frame_008966.PNG
negative-active,negative-deactive,frame_008967.PNG
negative-active,negative-deactive,frame_008968.PNG
negative-active,negative-deactive,frame_008969.PNG
negative-active,negative-deactive,frame_008970.PNG
negative-active,negative-deactive,frame_008971.PNG
negative-active,negative-deactive,frame_008972.PNG
negative-deactive,negative-deactive,frame_008973.PNG
negative-deactive,negative-deactive,frame_008974.PNG
negative-deactive,negative-deactive,frame_008975.PNG
negative-deactive,negative-deactive,frame_008976.PNG
negative-deactive,negative-deactive,frame_008977.PNG
negative-deactive,negative-deactive,frame_008978.PNG
negative-deactive,negative-deactive,frame_008979.PNG
negative-deactive,negative-deactive,frame_008980.PNG
negative-deactive,negative-deactive,frame_008981.PNG
negative-deactive,negative-deactive,frame_008982.PNG
negative-deactive,negative-deactive,frame_008983.PNG
negative-active,negative-deactive,frame_008984.PNG
negative-active,negative-deactive,frame_008985.PNG
negative-active,negative-deactive,frame_008986.PNG
negative-active,negative-deactive,frame_008987.PNG
negative-deactive,negative-deactive,frame_008988.PNG
negative-deactive,negative-deactive,frame_008989.PNG
negative-deactive,negative-active,frame_008990.PNG
negative-deactive,negative-active,frame_008991.PNG
negative-active,negative-active,frame_008997.PNG
neutral,negative-active,frame_008998.PNG
neutral,negative-active,frame_008999.PNG
negative-active,negative-active,frame_009000.PNG
negative-active,negative-active,frame_009001.PNG
negative-active,negative-active,frame_009002.PNG
negative-active,negative-active,frame_009003.PNG
negative-active,negative-active,frame_009004.PNG
negative-active,negative-active,frame_009005.PNG
negative-active,negative-active,frame_009006.PNG
negative-active,negative-active,frame_009007.PNG
negative-active,negative-active,frame_009008.PNG
neutral,negative-active,frame_009009.PNG
negative-active,negative-active,frame_009010.PNG
negative-deactive,negative-active,frame_009011.PNG
negative-deactive,negative-active,frame_009012.PNG
negative-deactive,negative-active,frame_009013.PNG
negative-deactive,negative-active,frame_009014.PNG
negative-deactive,negative-active,frame_009015.PNG
negative-deactive,negative-active,frame_009016.PNG
positive-active,negative-active,frame_009017.PNG
positive-active,negative-active,frame_009018.PNG
positive-active,negative-active,frame_009019.PNG
positive-active,negative-active,frame_009020.PNG
positive-active,negative-active,frame_009021.PNG
positive-active,negative-active,frame_009022.PNG
negative-deactive,negative-active,frame_009023.PNG
negative-deactive,negative-active,frame_009024.PNG
negative-deactive,negative-active,frame_009025.PNG
negative-deactive,negative-active,frame_009026.PNG
negative-deactive,negative-active,frame_009027.PNG
negative-deactive,negative-active,frame_009028.PNG
negative-deactive,negative-active,frame_009029.PNG
negative-deactive,negative-active,frame_009030.PNG
negative-deactive,negative-active,frame_009031.PNG
negative-active,negative-active,frame_009032.PNG
negative-active,negative-active,frame_009033.PNG
negative-active,negative-active,frame_009034.PNG
negative-active,negative-active,frame_009035.PNG
negative-active,negative-deactive,frame_009036.PNG
negative-active,negative-deactive,frame_009037.PNG
negative-deactive,negative-deactive,frame_009038.PNG
negative-deactive,negative-deactive,frame_009044.PNG
negative-deactive,negative-deactive,frame_009045.PNG
negative-active,negative-deactive,frame_009046.PNG
negative-active,negative-deactive,frame_009047.PNG
negative-deactive,negative-deactive,frame_009048.PNG
negative-deactive,negative-deactive,frame_009049.PNG
negative-deactive,negative-deactive,frame_009050.PNG
negative-deactive,negative-deactive,frame_009051.PNG
negative-deactive,negative-deactive,frame_009052.PNG
negative-deactive,negative-active,frame_009053.PNG
negative-deactive,negative-active,frame_009054.PNG
negative-deactive,negative-active,frame_009055.PNG
negative-active,negative-active,frame_009056.PNG
negative-active,negative-active,frame_009057.PNG
negative-active,negative-active,frame_009058.PNG
negative-active,negative-active,frame_009059.PNG
negative-active,negative-active,frame_009060.PNG
negative-active,negative-active,frame_009061.PNG
negative-active,negative-active,frame_009062.PNG
negative-active,negative-active,frame_009063.PNG
negative-active,negative-active,frame_009064.PNG
negative-active,negative-active,frame_009065.PNG
negative-active,negative-active,frame_009066.PNG
negative-active,negative-active,frame_009067.PNG
negative-active,negative-deactive,frame_009074.PNG
positive-active,negative-deactive,frame_009075.PNG
positive-active,negative-deactive,frame_009076.PNG
negative-deactive,negative-deactive,frame_009077.PNG
negative-deactive,negative-deactive,frame_009078.PNG
negative-deactive,negative-deactive,frame_009079.PNG
negative-deactive,negative-deactive,frame_009080.PNG
neutral,negative-deactive,frame_009084.PNG
neutral,negative-deactive,frame_009085.PNG
neutral,negative-deactive,frame_009086.PNG
neutral,negative-deactive,frame_009087.PNG
negative-deactive,negative-deactive,frame_009088.PNG
negative-deactive,negative-deactive,frame_009089.PNG
negative-deactive,negative-deactive,frame_009090.PNG
negative-deactive,negative-deactive,frame_009091.PNG
negative-deactive,negative-deactive,frame_009092.PNG
negative-deactive,negative-deactive,frame_009093.PNG
negative-deactive,negative-deactive,frame_009094.PNG
negative-deactive,negative-deactive,frame_009095.PNG
negative-deactive,negative-deactive,frame_009096.PNG
negative-deactive,negative-deactive,frame_009097.PNG
negative-deactive,negative-deactive,frame_009098.PNG
negative-deactive,negative-deactive,frame_009099.PNG
negative-deactive,negative-deactive,frame_009100.PNG
negative-deactive,negative-deactive,frame_009101.PNG
negative-deactive,negative-deactive,frame_009102.PNG
negative-deactive,negative-deactive,frame_009103.PNG
negative-deactive,negative-deactive,frame_009104.PNG
negative-active,negative-deactive,frame_009105.PNG
negative-active,negative-deactive,frame_009106.PNG
negative-active,negative-deactive,frame_009107.PNG
negative-active,negative-deactive,frame_009108.PNG
negative-active,negative-deactive,frame_009109.PNG
negative-active,negative-deactive,frame_009110.PNG
negative-active,negative-deactive,frame_009111.PNG
negative-active,negative-deactive,frame_009112.PNG
negative-active,negative-deactive,frame_009113.PNG
negative-active,negative-deactive,frame_009114.PNG
negative-active,negative-deactive,frame_009115.PNG
negative-active,negative-deactive,frame_009116.PNG
negative-active,negative-deactive,frame_009117.PNG
negative-active,negative-deactive,frame_009118.PNG
negative-active,negative-deactive,frame_009119.PNG
negative-active,negative-deactive,frame_009120.PNG
negative-active,negative-deactive,frame_009121.PNG
negative-active,negative-deactive,frame_009122.PNG
negative-active,positive-active,frame_009123.PNG
negative-active,positive-active,frame_009124.PNG
negative-active,positive-active,frame_009125.PNG
negative-active,positive-active,frame_009126.PNG
negative-active,positive-active,frame_009127.PNG
negative-active,positive-active,frame_009128.PNG
negative-active,positive-active,frame_009129.PNG
negative-active,positive-active,frame_009130.PNG
negative-deactive,negative-deactive,frame_009135.PNG
negative-active,negative-deactive,frame_009136.PNG
negative-active,negative-deactive,frame_009137.PNG
positive-active,negative-active,frame_009138.PNG
positive-active,negative-active,frame_009139.PNG
positive-active,negative-active,frame_009140.PNG
positive-active,negative-active,frame_009141.PNG
positive-active,negative-active,frame_009142.PNG
positive-active,negative-active,frame_009143.PNG
negative-active,negative-active,frame_009148.PNG
negative-active,negative-active,frame_009149.PNG
negative-active,negative-active,frame_009150.PNG
negative-active,negative-active,frame_009151.PNG
negative-active,negative-active,frame_009152.PNG
positive-active,negative-active,frame_009153.PNG
positive-deactive,negative-active,frame_009154.PNG
positive-deactive,negative-active,frame_009155.PNG
neutral,negative-active,frame_009156.PNG
neutral,negative-active,frame_009157.PNG
positive-active,negative-active,frame_009162.PNG
positive-active,negative-active,frame_009163.PNG
positive-active,negative-active,frame_009164.PNG
positive-active,negative-active,frame_009165.PNG
positive-active,negative-deactive,frame_009166.PNG
positive-active,negative-deactive,frame_009167.PNG
positive-active,negative-deactive,frame_009168.PNG
positive-active,negative-deactive,frame_009169.PNG
negative-deactive,negative-deactive,frame_009170.PNG
negative-deactive,negative-deactive,frame_009171.PNG
negative-deactive,negative-deactive,frame_009172.PNG
negative-deactive,negative-deactive,frame_009173.PNG
negative-deactive,negative-deactive,frame_009174.PNG
negative-deactive,negative-deactive,frame_009175.PNG
negative-deactive,negative-deactive,frame_009176.PNG
negative-deactive,negative-deactive,frame_009177.PNG
negative-deactive,negative-deactive,frame_009178.PNG
negative-deactive,negative-deactive,frame_009179.PNG
positive-active,negative-deactive,frame_009180.PNG
positive-active,negative-deactive,frame_009181.PNG
positive-active,negative-deactive,frame_009182.PNG
negative-deactive,negative-deactive,frame_009183.PNG
negative-deactive,negative-deactive,frame_009184.PNG
negative-deactive,negative-deactive,frame_009185.PNG
negative-active,negative-deactive,frame_009186.PNG
negative-active,negative-deactive,frame_009187.PNG
negative-active,negative-deactive,frame_009188.PNG
negative-active,negative-deactive,frame_009189.PNG
negative-active,negative-deactive,frame_009190.PNG
negative-active,negative-deactive,frame_009191.PNG
negative-active,negative-deactive,frame_009192.PNG
negative-active,negative-deactive,frame_009193.PNG
negative-active,negative-deactive,frame_009194.PNG
negative-active,negative-deactive,frame_009195.PNG
negative-active,negative-deactive,frame_009196.PNG
negative-active,negative-deactive,frame_009197.PNG
negative-active,negative-deactive,frame_009198.PNG
negative-active,negative-active,frame_009199.PNG
negative-active,negative-active,frame_009200.PNG
negative-active,negative-active,frame_009201.PNG
negative-active,negative-active,frame_009202.PNG
negative-active,negative-active,frame_009203.PNG
negative-active,negative-active,frame_009204.PNG
negative-active,negative-active,frame_009205.PNG
negative-active,negative-active,frame_009206.PNG
negative-active,negative-active,frame_009207.PNG
negative-active,negative-active,frame_009208.PNG
negative-active,negative-active,frame_009209.PNG
negative-active,negative-active,frame_009210.PNG
negative-active,negative-active,frame_009211.PNG
negative-active,negative-active,frame_009212.PNG
negative-active,negative-active,frame_009213.PNG
negative-active,negative-active,frame_009214.PNG
negative-active,negative-active,frame_009215.PNG
neutral,negative-active,frame_009216.PNG
negative-active,negative-active,frame_009217.PNG
negative-active,negative-active,frame_009218.PNG
negative-active,negative-active,frame_009219.PNG
negative-deactive,negative-active,frame_009220.PNG
negative-deactive,negative-deactive,frame_009224.PNG
negative-deactive,negative-deactive,frame_009225.PNG
negative-deactive,negative-active,frame_009226.PNG
negative-deactive,negative-active,frame_009227.PNG
negative-deactive,negative-active,frame_009228.PNG
negative-deactive,negative-active,frame_009229.PNG
negative-deactive,negative-active,frame_009230.PNG
positive-active,negative-active,frame_009231.PNG
positive-active,negative-active,frame_009232.PNG
positive-active,negative-active,frame_009233.PNG
positive-active,negative-active,frame_009234.PNG
positive-active,negative-active,frame_009235.PNG
positive-active,negative-active,frame_009236.PNG
negative-active,negative-active,frame_009237.PNG
negative-active,negative-active,frame_009238.PNG
negative-active,negative-active,frame_009239.PNG
neutral,negative-deactive,frame_009244.PNG
neutral,negative-deactive,frame_009245.PNG
neutral,negative-deactive,frame_009246.PNG
neutral,negative-deactive,frame_009247.PNG
neutral,negative-deactive,frame_009248.PNG
neutral,negative-deactive,frame_009249.PNG
neutral,negative-deactive,frame_009250.PNG
neutral,negative-deactive,frame_009251.PNG
negative-active,negative-deactive,frame_009252.PNG
negative-active,negative-deactive,frame_009253.PNG
negative-active,negative-deactive,frame_009254.PNG
negative-deactive,negative-deactive,frame_009255.PNG
positive-active,negative-deactive,frame_009256.PNG
positive-active,negative-deactive,frame_009257.PNG
positive-active,negative-deactive,frame_009258.PNG
positive-active,negative-deactive,frame_009259.PNG
positive-deactive,negative-active,frame_009260.PNG
negative-deactive,negative-active,frame_009261.PNG
negative-active,negative-active,frame_009262.PNG
negative-active,negative-active,frame_009263.PNG
negative-active,negative-active,frame_009264.PNG
negative-active,negative-active,frame_009265.PNG
negative-active,negative-active,frame_009266.PNG
negative-active,negative-active,frame_009267.PNG
negative-active,negative-active,frame_009268.PNG
negative-active,negative-active,frame_009269.PNG
negative-active,negative-active,frame_009270.PNG
negative-active,negative-active,frame_009271.PNG
neutral,negative-deactive,frame_009275.PNG
neutral,negative-deactive,frame_009276.PNG
neutral,negative-deactive,frame_009277.PNG
neutral,negative-active,frame_009278.PNG
negative-deactive,negative-deactive,frame_009285.PNG
negative-deactive,negative-deactive,frame_009286.PNG
negative-deactive,negative-deactive,frame_009287.PNG
negative-deactive,negative-deactive,frame_009288.PNG
negative-deactive,negative-deactive,frame_009289.PNG
negative-deactive,negative-deactive,frame_009290.PNG
negative-deactive,negative-deactive,frame_009291.PNG
negative-deactive,negative-deactive,frame_009292.PNG
negative-active,negative-deactive,frame_009324.PNG
negative-active,negative-deactive,frame_009325.PNG
negative-active,negative-deactive,frame_009326.PNG
negative-active,negative-active,frame_009334.PNG
negative-active,negative-active,frame_009335.PNG
negative-active,negative-active,frame_009336.PNG
negative-active,negative-active,frame_009337.PNG
negative-active,negative-active,frame_009338.PNG
negative-active,negative-active,frame_009339.PNG
negative-active,negative-active,frame_009340.PNG
negative-active,negative-active,frame_009341.PNG
negative-active,negative-active,frame_009342.PNG
negative-active,negative-active,frame_009343.PNG
negative-active,negative-active,frame_009344.PNG
negative-active,negative-active,frame_009345.PNG
negative-active,negative-active,frame_009346.PNG
negative-active,negative-deactive,frame_009347.PNG
negative-active,negative-deactive,frame_009348.PNG
negative-active,negative-deactive,frame_009349.PNG
negative-active,negative-deactive,frame_009350.PNG
negative-active,negative-deactive,frame_009351.PNG
negative-active,negative-deactive,frame_009352.PNG
negative-active,negative-deactive,frame_009353.PNG
negative-active,negative-deactive,frame_009354.PNG
negative-active,negative-deactive,frame_009355.PNG
negative-active,negative-deactive,frame_009356.PNG
negative-active,negative-deactive,frame_009357.PNG
negative-active,negative-deactive,frame_009358.PNG
negative-active,negative-deactive,frame_009359.PNG
negative-active,negative-deactive,frame_009360.PNG
negative-active,negative-deactive,frame_009361.PNG
negative-active,negative-deactive,frame_009362.PNG
negative-active,negative-deactive,frame_009363.PNG
negative-active,negative-deactive,frame_009364.PNG
negative-active,negative-deactive,frame_009365.PNG
negative-active,negative-deactive,frame_009366.PNG
negative-active,negative-deactive,frame_009367.PNG
negative-active,negative-deactive,frame_009368.PNG
negative-active,negative-deactive,frame_009369.PNG
negative-deactive,negative-deactive,frame_009370.PNG
negative-deactive,negative-deactive,frame_009371.PNG
negative-deactive,negative-deactive,frame_009372.PNG
negative-deactive,negative-deactive,frame_009373.PNG
negative-deactive,negative-deactive,frame_009374.PNG
negative-deactive,negative-deactive,frame_009375.PNG
negative-deactive,negative-deactive,frame_009381.PNG
negative-deactive,negative-deactive,frame_009382.PNG
negative-deactive,negative-deactive,frame_009383.PNG
negative-deactive,negative-deactive,frame_009384.PNG
negative-deactive,negative-deactive,frame_009385.PNG
negative-deactive,negative-deactive,frame_009386.PNG
negative-deactive,negative-deactive,frame_009387.PNG
negative-deactive,negative-deactive,frame_009388.PNG
negative-deactive,negative-active,frame_009389.PNG
negative-deactive,negative-active,frame_009390.PNG
negative-deactive,negative-active,frame_009391.PNG
negative-deactive,negative-active,frame_009392.PNG
negative-deactive,negative-active,frame_009393.PNG
negative-deactive,negative-active,frame_009394.PNG
negative-active,negative-deactive,frame_009404.PNG
negative-active,negative-deactive,frame_009405.PNG
negative-active,negative-deactive,frame_009406.PNG
negative-active,negative-deactive,frame_009407.PNG
negative-active,negative-deactive,frame_009408.PNG
negative-active,negative-deactive,frame_009409.PNG
negative-active,negative-deactive,frame_009410.PNG
negative-active,negative-deactive,frame_009411.PNG
negative-active,negative-deactive,frame_009412.PNG
negative-active,negative-active,frame_009413.PNG
negative-active,negative-active,frame_009414.PNG
negative-active,negative-active,frame_009415.PNG
negative-active,negative-active,frame_009416.PNG
negative-active,negative-active,frame_009417.PNG
negative-active,negative-active,frame_009418.PNG
negative-active,negative-active,frame_009419.PNG
negative-active,negative-active,frame_009420.PNG
negative-active,negative-active,frame_009421.PNG
negative-active,negative-active,frame_009422.PNG
negative-active,negative-active,frame_009423.PNG
negative-active,negative-active,frame_009424.PNG
negative-active,negative-active,frame_009425.PNG
negative-deactive,negative-deactive,frame_009432.PNG
negative-deactive,negative-deactive,frame_009433.PNG
negative-deactive,negative-deactive,frame_009434.PNG
negative-deactive,negative-deactive,frame_009435.PNG
negative-deactive,negative-deactive,frame_009436.PNG
negative-active,negative-active,frame_009437.PNG
negative-active,negative-active,frame_009438.PNG
negative-active,negative-active,frame_009439.PNG
negative-active,negative-active,frame_009440.PNG
negative-active,negative-active,frame_009441.PNG
negative-active,negative-active,frame_009442.PNG
negative-active,negative-active,frame_009443.PNG
negative-active,negative-active,frame_009444.PNG
negative-active,negative-active,frame_009445.PNG
negative-active,negative-active,frame_009446.PNG
negative-deactive,negative-active,frame_009447.PNG
negative-deactive,negative-active,frame_009448.PNG
negative-deactive,negative-active,frame_009449.PNG
negative-deactive,negative-active,frame_009450.PNG
negative-deactive,negative-active,frame_009451.PNG
negative-deactive,negative-active,frame_009452.PNG
negative-deactive,negative-active,frame_009453.PNG
negative-active,negative-active,frame_009454.PNG
negative-deactive,negative-active,frame_009456.PNG
negative-deactive,negative-active,frame_009457.PNG
negative-deactive,negative-active,frame_009458.PNG
negative-deactive,negative-active,frame_009459.PNG
negative-deactive,negative-active,frame_009460.PNG
negative-deactive,negative-active,frame_009461.PNG
negative-deactive,negative-active,frame_009462.PNG
negative-deactive,negative-active,frame_009463.PNG
negative-deactive,negative-active,frame_009464.PNG
negative-deactive,negative-active,frame_009465.PNG
neutral,negative-active,frame_009466.PNG
neutral,negative-active,frame_009467.PNG
neutral,negative-deactive,frame_009468.PNG
neutral,negative-deactive,frame_009469.PNG
negative-active,negative-deactive,frame_009470.PNG
negative-active,negative-deactive,frame_009471.PNG
negative-active,negative-deactive,frame_009472.PNG
negative-active,negative-deactive,frame_009473.PNG
negative-active,negative-deactive,frame_009474.PNG
negative-active,negative-deactive,frame_009475.PNG
negative-active,negative-deactive,frame_009476.PNG
negative-active,negative-deactive,frame_009477.PNG
negative-active,negative-deactive,frame_009478.PNG
negative-active,negative-deactive,frame_009479.PNG
negative-active,negative-deactive,frame_009480.PNG
negative-active,negative-deactive,frame_009481.PNG
neutral,negative-deactive,frame_009482.PNG
positive-deactive,negative-deactive,frame_009488.PNG
positive-deactive,negative-deactive,frame_009489.PNG
positive-deactive,negative-deactive,frame_009490.PNG
positive-deactive,negative-deactive,frame_009491.PNG
negative-deactive,negative-deactive,frame_009492.PNG
negative-deactive,negative-deactive,frame_009493.PNG
negative-deactive,negative-deactive,frame_009494.PNG
negative-deactive,negative-deactive,frame_009495.PNG
negative-deactive,negative-deactive,frame_009496.PNG
negative-deactive,negative-deactive,frame_009497.PNG
positive-active,negative-deactive,frame_009498.PNG
positive-active,negative-deactive,frame_009499.PNG
positive-active,negative-deactive,frame_009500.PNG
positive-active,negative-deactive,frame_009501.PNG
negative-deactive,negative-deactive,frame_009502.PNG
negative-deactive,negative-deactive,frame_009503.PNG
negative-deactive,negative-deactive,frame_009504.PNG
negative-deactive,negative-deactive,frame_009505.PNG
negative-deactive,negative-deactive,frame_009506.PNG
negative-deactive,negative-deactive,frame_009507.PNG
negative-deactive,negative-deactive,frame_009508.PNG
positive-deactive,negative-deactive,frame_009509.PNG
positive-deactive,negative-deactive,frame_009510.PNG
positive-deactive,negative-deactive,frame_009511.PNG
positive-active,negative-deactive,frame_009512.PNG
positive-active,negative-deactive,frame_009513.PNG
positive-active,negative-deactive,frame_009514.PNG
positive-active,negative-deactive,frame_009515.PNG
positive-active,negative-deactive,frame_009516.PNG
positive-active,negative-deactive,frame_009517.PNG
positive-active,negative-deactive,frame_009518.PNG
positive-active,negative-deactive,frame_009519.PNG
negative-deactive,negative-deactive,frame_009520.PNG
negative-deactive,negative-deactive,frame_009521.PNG
negative-deactive,negative-deactive,frame_009522.PNG
negative-deactive,negative-deactive,frame_009523.PNG
negative-deactive,negative-deactive,frame_009536.PNG
negative-deactive,negative-deactive,frame_009537.PNG
negative-deactive,negative-deactive,frame_009538.PNG
negative-deactive,negative-deactive,frame_009539.PNG
negative-deactive,negative-deactive,frame_009540.PNG
negative-deactive,negative-deactive,frame_009541.PNG
negative-deactive,negative-deactive,frame_009542.PNG
negative-deactive,negative-deactive,frame_009543.PNG
negative-deactive,negative-deactive,frame_009544.PNG
negative-deactive,negative-deactive,frame_009545.PNG
negative-deactive,negative-deactive,frame_009546.PNG
negative-deactive,negative-deactive,frame_009547.PNG
positive-deactive,negative-deactive,frame_009548.PNG
positive-deactive,negative-deactive,frame_009549.PNG
positive-deactive,negative-deactive,frame_009550.PNG
negative-deactive,negative-deactive,frame_009557.PNG
negative-deactive,negative-deactive,frame_009558.PNG
negative-deactive,negative-deactive,frame_009559.PNG
positive-active,negative-deactive,frame_009575.PNG
positive-active,negative-deactive,frame_009576.PNG
positive-active,negative-deactive,frame_009577.PNG
positive-active,negative-deactive,frame_009578.PNG
neutral,negative-deactive,frame_009584.PNG
neutral,negative-deactive,frame_009585.PNG
negative-active,negative-deactive,frame_009586.PNG
negative-active,negative-deactive,frame_009587.PNG
negative-active,negative-deactive,frame_009588.PNG
negative-active,negative-deactive,frame_009589.PNG
negative-deactive,negative-deactive,frame_009590.PNG
negative-deactive,negative-deactive,frame_009591.PNG
negative-deactive,negative-deactive,frame_009592.PNG
negative-deactive,negative-deactive,frame_009593.PNG
negative-deactive,negative-deactive,frame_009594.PNG
negative-deactive,negative-deactive,frame_009595.PNG
negative-deactive,negative-deactive,frame_009596.PNG
negative-deactive,negative-deactive,frame_009597.PNG
negative-deactive,negative-deactive,frame_009598.PNG
negative-deactive,negative-deactive,frame_009599.PNG
negative-deactive,negative-deactive,frame_009600.PNG
negative-deactive,negative-deactive,frame_009601.PNG
negative-deactive,negative-deactive,frame_009602.PNG
negative-deactive,negative-deactive,frame_009603.PNG
negative-deactive,negative-deactive,frame_009604.PNG
negative-deactive,negative-deactive,frame_009605.PNG
negative-deactive,negative-deactive,frame_009606.PNG
negative-deactive,negative-deactive,frame_009607.PNG
negative-deactive,negative-deactive,frame_009608.PNG
neutral,negative-deactive,frame_009614.PNG
negative-deactive,negative-deactive,frame_009615.PNG
negative-deactive,negative-deactive,frame_009616.PNG
negative-deactive,negative-deactive,frame_009617.PNG
negative-deactive,negative-deactive,frame_009618.PNG
negative-deactive,negative-deactive,frame_009619.PNG
negative-deactive,negative-deactive,frame_009620.PNG
negative-deactive,negative-deactive,frame_009621.PNG
negative-deactive,negative-deactive,frame_009622.PNG
negative-deactive,negative-deactive,frame_009623.PNG
negative-deactive,negative-deactive,frame_009624.PNG
negative-deactive,negative-deactive,frame_009625.PNG
negative-deactive,negative-deactive,frame_009626.PNG
negative-active,negative-deactive,frame_009627.PNG
negative-active,negative-deactive,frame_009628.PNG
negative-active,negative-deactive,frame_009629.PNG
negative-active,negative-deactive,frame_009630.PNG
negative-active,negative-deactive,frame_009631.PNG
negative-active,negative-deactive,frame_009632.PNG
negative-active,negative-deactive,frame_009633.PNG
negative-active,negative-deactive,frame_009634.PNG
negative-active,negative-deactive,frame_009635.PNG
negative-active,negative-deactive,frame_009636.PNG
negative-active,negative-deactive,frame_009637.PNG
negative-active,negative-deactive,frame_009638.PNG
positive-deactive,negative-deactive,frame_009639.PNG
positive-deactive,negative-deactive,frame_009640.PNG
positive-deactive,negative-deactive,frame_009641.PNG
positive-deactive,negative-deactive,frame_009642.PNG
positive-deactive,negative-deactive,frame_009643.PNG
positive-deactive,negative-deactive,frame_009644.PNG
positive-deactive,negative-deactive,frame_009645.PNG
negative-deactive,negative-deactive,frame_009646.PNG
negative-deactive,negative-deactive,frame_009647.PNG
negative-deactive,negative-deactive,frame_009648.PNG
negative-deactive,negative-deactive,frame_009649.PNG
negative-deactive,negative-deactive,frame_009650.PNG
negative-deactive,negative-deactive,frame_009651.PNG
negative-deactive,negative-deactive,frame_009652.PNG
negative-deactive,negative-deactive,frame_009653.PNG
negative-deactive,negative-active,frame_009654.PNG
negative-deactive,negative-active,frame_009655.PNG
negative-deactive,negative-active,frame_009656.PNG
negative-deactive,negative-active,frame_009657.PNG
negative-deactive,negative-active,frame_009658.PNG
negative-deactive,negative-active,frame_009659.PNG
negative-deactive,negative-active,frame_009660.PNG
negative-deactive,negative-active,frame_009661.PNG
negative-active,negative-active,frame_009662.PNG
negative-active,negative-active,frame_009663.PNG
negative-active,negative-active,frame_009664.PNG
negative-active,negative-active,frame_009665.PNG
negative-active,negative-active,frame_009666.PNG
negative-active,negative-active,frame_009667.PNG
negative-active,negative-active,frame_009668.PNG
negative-active,negative-active,frame_009669.PNG
negative-active,negative-active,frame_009670.PNG
negative-deactive,negative-active,frame_009671.PNG
negative-deactive,negative-active,frame_009672.PNG
negative-deactive,negative-active,frame_009673.PNG
negative-deactive,negative-active,frame_009674.PNG
negative-deactive,negative-active,frame_009675.PNG
negative-deactive,negative-active,frame_009676.PNG
negative-deactive,negative-deactive,frame_009683.PNG
negative-deactive,negative-deactive,frame_009684.PNG
negative-deactive,negative-deactive,frame_009685.PNG
negative-deactive,negative-active,frame_009686.PNG
negative-deactive,negative-active,frame_009687.PNG
neutral,negative-active,frame_009688.PNG
neutral,negative-active,frame_009689.PNG
neutral,negative-active,frame_009690.PNG
neutral,negative-active,frame_009691.PNG
neutral,negative-active,frame_009692.PNG
neutral,negative-active,frame_009693.PNG
neutral,negative-active,frame_009694.PNG
neutral,negative-active,frame_009695.PNG
negative-deactive,negative-active,frame_009702.PNG
negative-deactive,negative-active,frame_009703.PNG
negative-deactive,negative-active,frame_009704.PNG
negative-deactive,negative-active,frame_009705.PNG
negative-deactive,negative-active,frame_009706.PNG
positive-deactive,negative-active,frame_009707.PNG
negative-active,negative-active,frame_009714.PNG
negative-active,negative-active,frame_009715.PNG
negative-active,negative-active,frame_009716.PNG
negative-active,negative-active,frame_009717.PNG
negative-active,negative-active,frame_009718.PNG
negative-active,negative-active,frame_009719.PNG
negative-active,negative-active,frame_009720.PNG
negative-active,negative-active,frame_009721.PNG
negative-active,negative-active,frame_009722.PNG
negative-active,negative-active,frame_009723.PNG
negative-active,negative-active,frame_009724.PNG
negative-active,negative-active,frame_009725.PNG
negative-active,negative-active,frame_009726.PNG
negative-active,negative-active,frame_009727.PNG
negative-active,negative-active,frame_009728.PNG
negative-active,negative-active,frame_009729.PNG
negative-active,negative-active,frame_009730.PNG
negative-active,negative-active,frame_009731.PNG
negative-active,negative-active,frame_009732.PNG
negative-active,negative-active,frame_009733.PNG
negative-active,negative-active,frame_009734.PNG
negative-active,negative-active,frame_009735.PNG
negative-active,negative-active,frame_009736.PNG
negative-active,negative-active,frame_009737.PNG
negative-active,negative-active,frame_009738.PNG
negative-active,negative-active,frame_009739.PNG
negative-active,negative-active,frame_009740.PNG
negative-active,negative-active,frame_009741.PNG
negative-active,negative-active,frame_009742.PNG
negative-active,negative-active,frame_009743.PNG
negative-active,negative-active,frame_009744.PNG
negative-active,negative-active,frame_009745.PNG
negative-active,negative-active,frame_009746.PNG
negative-active,negative-active,frame_009747.PNG
negative-deactive,negative-active,frame_009761.PNG
negative-deactive,negative-active,frame_009762.PNG
negative-deactive,negative-active,frame_009763.PNG
negative-active,negative-active,frame_009764.PNG
negative-active,negative-active,frame_009765.PNG
negative-active,negative-active,frame_009766.PNG
negative-active,negative-active,frame_009767.PNG
negative-active,negative-active,frame_009768.PNG
negative-active,negative-active,frame_009769.PNG
negative-active,negative-active,frame_009770.PNG
negative-active,negative-active,frame_009771.PNG
negative-deactive,negative-active,frame_009772.PNG
negative-deactive,negative-active,frame_009773.PNG
negative-deactive,negative-active,frame_009774.PNG
negative-deactive,negative-active,frame_009775.PNG
negative-deactive,negative-deactive,frame_009776.PNG
negative-deactive,negative-deactive,frame_009777.PNG
negative-deactive,negative-deactive,frame_009778.PNG
negative-deactive,negative-deactive,frame_009779.PNG
negative-deactive,negative-deactive,frame_009780.PNG
negative-deactive,negative-deactive,frame_009781.PNG
negative-deactive,negative-deactive,frame_009782.PNG
negative-deactive,negative-deactive,frame_009783.PNG
negative-deactive,negative-deactive,frame_009784.PNG
negative-deactive,negative-deactive,frame_009785.PNG
negative-deactive,negative-active,frame_009786.PNG
negative-deactive,negative-active,frame_009787.PNG
negative-deactive,negative-active,frame_009788.PNG
negative-deactive,negative-active,frame_009789.PNG
negative-deactive,negative-active,frame_009790.PNG
negative-deactive,negative-active,frame_009791.PNG
negative-deactive,negative-active,frame_009792.PNG
negative-deactive,negative-active,frame_009793.PNG
negative-deactive,negative-active,frame_009794.PNG
negative-deactive,negative-active,frame_009795.PNG
positive-deactive,negative-deactive,frame_009806.PNG
positive-deactive,negative-deactive,frame_009807.PNG
positive-deactive,negative-deactive,frame_009808.PNG
positive-deactive,negative-deactive,frame_009809.PNG
positive-deactive,negative-deactive,frame_009810.PNG
positive-deactive,negative-deactive,frame_009811.PNG
positive-deactive,negative-deactive,frame_009812.PNG
positive-deactive,negative-deactive,frame_009813.PNG
neutral,negative-deactive,frame_009814.PNG
neutral,negative-deactive,frame_009815.PNG
neutral,negative-deactive,frame_009816.PNG
neutral,negative-deactive,frame_009817.PNG
neutral,negative-deactive,frame_009818.PNG
negative-deactive,negative-deactive,frame_009819.PNG
negative-deactive,negative-deactive,frame_009820.PNG
negative-deactive,negative-deactive,frame_009821.PNG
negative-deactive,negative-deactive,frame_009822.PNG
negative-deactive,negative-deactive,frame_009823.PNG
negative-deactive,negative-deactive,frame_009824.PNG
negative-deactive,negative-deactive,frame_009825.PNG
negative-deactive,negative-deactive,frame_009826.PNG
negative-deactive,negative-deactive,frame_009827.PNG
negative-deactive,negative-deactive,frame_009828.PNG
negative-deactive,negative-deactive,frame_009829.PNG
negative-deactive,negative-deactive,frame_009830.PNG
negative-deactive,negative-deactive,frame_009831.PNG
negative-deactive,negative-deactive,frame_009832.PNG
negative-deactive,negative-deactive,frame_009833.PNG
negative-deactive,negative-deactive,frame_009834.PNG
negative-deactive,negative-deactive,frame_009835.PNG
negative-deactive,negative-deactive,frame_009836.PNG
negative-deactive,negative-deactive,frame_009837.PNG
negative-deactive,negative-deactive,frame_009844.PNG
negative-deactive,negative-active,frame_009855.PNG
negative-deactive,negative-active,frame_009856.PNG
negative-deactive,negative-active,frame_009857.PNG
negative-deactive,negative-active,frame_009858.PNG
negative-deactive,negative-active,frame_009859.PNG
negative-deactive,negative-active,frame_009860.PNG
negative-deactive,negative-active,frame_009861.PNG
negative-active,negative-active,frame_009862.PNG
negative-active,negative-active,frame_009863.PNG
negative-active,negative-active,frame_009864.PNG
negative-active,negative-active,frame_009865.PNG
negative-active,negative-active,frame_009866.PNG
negative-active,negative-active,frame_009867.PNG
negative-active,negative-active,frame_009868.PNG
negative-active,negative-active,frame_009869.PNG
negative-active,negative-deactive,frame_009870.PNG
negative-active,negative-deactive,frame_009871.PNG
neutral,negative-deactive,frame_009872.PNG
neutral,negative-deactive,frame_009873.PNG
negative-active,negative-deactive,frame_009878.PNG
negative-active,negative-deactive,frame_009879.PNG
negative-active,negative-deactive,frame_009880.PNG
negative-active,negative-active,frame_009881.PNG
negative-active,negative-active,frame_009882.PNG
negative-active,negative-active,frame_009883.PNG
negative-active,negative-active,frame_009884.PNG
negative-active,negative-active,frame_009885.PNG
negative-active,negative-active,frame_009886.PNG
negative-active,negative-active,frame_009887.PNG
negative-active,negative-active,frame_009888.PNG
negative-active,negative-active,frame_009889.PNG
negative-active,negative-active,frame_009890.PNG
negative-active,negative-active,frame_009891.PNG
neutral,negative-deactive,frame_009905.PNG
neutral,negative-deactive,frame_009906.PNG
neutral,negative-deactive,frame_009907.PNG
neutral,negative-deactive,frame_009908.PNG
neutral,negative-deactive,frame_009909.PNG
negative-active,negative-deactive,frame_009910.PNG
negative-active,negative-deactive,frame_009911.PNG
negative-active,negative-deactive,frame_009912.PNG
negative-active,negative-deactive,frame_009913.PNG
negative-active,negative-deactive,frame_009914.PNG
negative-active,negative-deactive,frame_009915.PNG
negative-active,negative-deactive,frame_009916.PNG
negative-active,negative-deactive,frame_009917.PNG
negative-deactive,negative-active,frame_009925.PNG
positive-deactive,negative-active,frame_009926.PNG
positive-deactive,negative-active,frame_009927.PNG
positive-deactive,negative-active,frame_009928.PNG
positive-deactive,negative-active,frame_009929.PNG
positive-deactive,negative-active,frame_009930.PNG
positive-deactive,negative-active,frame_009931.PNG
positive-deactive,negative-active,frame_009932.PNG
positive-deactive,negative-active,frame_009933.PNG
positive-deactive,negative-active,frame_009934.PNG
positive-deactive,negative-active,frame_009935.PNG
positive-deactive,negative-active,frame_009936.PNG
positive-deactive,negative-active,frame_009937.PNG
positive-deactive,negative-active,frame_009938.PNG
negative-deactive,negative-deactive,frame_009957.PNG
negative-deactive,negative-deactive,frame_009958.PNG
negative-deactive,negative-deactive,frame_009959.PNG
negative-deactive,negative-deactive,frame_009960.PNG
negative-deactive,negative-deactive,frame_009961.PNG
negative-deactive,negative-deactive,frame_009962.PNG
negative-deactive,negative-deactive,frame_009963.PNG
negative-deactive,negative-deactive,frame_009964.PNG
negative-deactive,negative-deactive,frame_009965.PNG
negative-deactive,negative-deactive,frame_009966.PNG
negative-deactive,negative-deactive,frame_009967.PNG
negative-deactive,negative-deactive,frame_009968.PNG
negative-deactive,negative-deactive,frame_009969.PNG
negative-deactive,negative-deactive,frame_009970.PNG
negative-deactive,negative-deactive,frame_009971.PNG
negative-deactive,negative-deactive,frame_009972.PNG
negative-deactive,negative-deactive,frame_009973.PNG
negative-deactive,negative-deactive,frame_009974.PNG
positive-active,negative-deactive,frame_009975.PNG
positive-active,negative-deactive,frame_009976.PNG
positive-active,negative-deactive,frame_009977.PNG
positive-active,negative-deactive,frame_009978.PNG
positive-active,negative-deactive,frame_009979.PNG
negative-deactive,negative-deactive,frame_009980.PNG
negative-deactive,negative-deactive,frame_009981.PNG
negative-deactive,negative-deactive,frame_009982.PNG
negative-deactive,negative-deactive,frame_009983.PNG
negative-deactive,negative-deactive,frame_009984.PNG
negative-deactive,negative-deactive,frame_009985.PNG
negative-deactive,negative-deactive,frame_009986.PNG
negative-deactive,negative-deactive,frame_009987.PNG
negative-deactive,negative-deactive,frame_009988.PNG
negative-deactive,negative-deactive,frame_009989.PNG
negative-deactive,negative-deactive,frame_009990.PNG
negative-deactive,negative-deactive,frame_009991.PNG
positive-deactive,positive-active,frame_010005.PNG
positive-deactive,positive-active,frame_010006.PNG
positive-deactive,positive-active,frame_010007.PNG
positive-deactive,positive-active,frame_010008.PNG
positive-deactive,positive-active,frame_010009.PNG
positive-deactive,positive-active,frame_010010.PNG
positive-active,positive-active,frame_010011.PNG
positive-active,positive-active,frame_010012.PNG
positive-active,positive-active,frame_010013.PNG
positive-active,positive-active,frame_010014.PNG
positive-active,positive-active,frame_010015.PNG
positive-active,positive-active,frame_010016.PNG
positive-active,positive-active,frame_010017.PNG
positive-active,positive-active,frame_010018.PNG
positive-active,positive-active,frame_010019.PNG
positive-active,positive-active,frame_010020.PNG
positive-active,positive-active,frame_010021.PNG
positive-active,positive-active,frame_010022.PNG
positive-active,positive-active,frame_010023.PNG
positive-active,positive-active,frame_010024.PNG
positive-active,positive-active,frame_010025.PNG
positive-active,positive-active,frame_010026.PNG
positive-active,positive-active,frame_010027.PNG
positive-active,positive-active,frame_010028.PNG
positive-active,positive-active,frame_010029.PNG
positive-deactive,negative-deactive,frame_010030.PNG
positive-deactive,negative-deactive,frame_010031.PNG
positive-deactive,negative-deactive,frame_010032.PNG
positive-deactive,negative-deactive,frame_010033.PNG
positive-deactive,negative-deactive,frame_010034.PNG
positive-deactive,negative-deactive,frame_010035.PNG
positive-deactive,negative-deactive,frame_010036.PNG
positive-deactive,negative-deactive,frame_010037.PNG
positive-active,negative-deactive,frame_010038.PNG
positive-active,negative-active,frame_010039.PNG
positive-active,negative-active,frame_010040.PNG
positive-active,negative-active,frame_010041.PNG
positive-active,negative-active,frame_010042.PNG
positive-active,negative-active,frame_010043.PNG
positive-active,negative-active,frame_010044.PNG
positive-active,negative-active,frame_010045.PNG
positive-active,negative-active,frame_010046.PNG
positive-active,negative-active,frame_010047.PNG
positive-active,negative-active,frame_010048.PNG
positive-active,negative-active,frame_010049.PNG
positive-active,negative-active,frame_010050.PNG
positive-active,negative-active,frame_010051.PNG
positive-active,negative-active,frame_010052.PNG
positive-active,negative-active,frame_010053.PNG
positive-active,negative-deactive,frame_010054.PNG
positive-active,negative-deactive,frame_010055.PNG
positive-active,negative-deactive,frame_010056.PNG
positive-active,negative-deactive,frame_010057.PNG
positive-active,negative-deactive,frame_010058.PNG
positive-active,negative-deactive,frame_010059.PNG
negative-deactive,negative-deactive,frame_010060.PNG
negative-deactive,negative-deactive,frame_010061.PNG
negative-deactive,negative-deactive,frame_010062.PNG
negative-deactive,negative-deactive,frame_010063.PNG
negative-deactive,negative-deactive,frame_010064.PNG
negative-deactive,negative-deactive,frame_010065.PNG
negative-deactive,negative-deactive,frame_010066.PNG
negative-deactive,negative-deactive,frame_010067.PNG
positive-deactive,negative-deactive,frame_010073.PNG
positive-deactive,negative-deactive,frame_010074.PNG
positive-deactive,negative-deactive,frame_010075.PNG
positive-deactive,negative-deactive,frame_010076.PNG
positive-deactive,negative-deactive,frame_010077.PNG
positive-deactive,negative-deactive,frame_010078.PNG
positive-deactive,negative-deactive,frame_010079.PNG
positive-deactive,negative-deactive,frame_010080.PNG
positive-deactive,negative-deactive,frame_010081.PNG
negative-deactive,negative-deactive,frame_010082.PNG
negative-deactive,negative-deactive,frame_010083.PNG
negative-deactive,negative-deactive,frame_010084.PNG
negative-deactive,negative-deactive,frame_010085.PNG
negative-deactive,negative-deactive,frame_010086.PNG
negative-deactive,negative-deactive,frame_010087.PNG
negative-deactive,negative-deactive,frame_010088.PNG
negative-deactive,negative-deactive,frame_010089.PNG
negative-deactive,negative-deactive,frame_010090.PNG
negative-deactive,negative-deactive,frame_010091.PNG
negative-deactive,negative-deactive,frame_010092.PNG
negative-deactive,negative-deactive,frame_010093.PNG
negative-deactive,negative-deactive,frame_010094.PNG
negative-deactive,negative-deactive,frame_010095.PNG
negative-deactive,negative-deactive,frame_010096.PNG
negative-deactive,negative-deactive,frame_010097.PNG
negative-deactive,negative-deactive,frame_010098.PNG
negative-deactive,negative-deactive,frame_010099.PNG
negative-deactive,negative-active,frame_010100.PNG
negative-deactive,negative-active,frame_010101.PNG
negative-deactive,negative-active,frame_010102.PNG
negative-deactive,negative-active,frame_010103.PNG
negative-deactive,negative-active,frame_010104.PNG
negative-deactive,negative-active,frame_010105.PNG
negative-deactive,negative-active,frame_010106.PNG
negative-deactive,negative-active,frame_010107.PNG
negative-deactive,negative-active,frame_010108.PNG
negative-deactive,negative-active,frame_010109.PNG
negative-deactive,negative-active,frame_010110.PNG
negative-deactive,negative-active,frame_010111.PNG
negative-deactive,negative-active,frame_010112.PNG
negative-deactive,negative-active,frame_010113.PNG
negative-deactive,negative-active,frame_010114.PNG
negative-deactive,negative-active,frame_010115.PNG
negative-deactive,negative-active,frame_010116.PNG
negative-deactive,negative-active,frame_010117.PNG
negative-deactive,negative-active,frame_010118.PNG
negative-deactive,negative-active,frame_010119.PNG
negative-deactive,negative-active,frame_010120.PNG
negative-deactive,negative-active,frame_010121.PNG
negative-deactive,negative-active,frame_010122.PNG
negative-deactive,negative-active,frame_010123.PNG
negative-active,negative-active,frame_010124.PNG
negative-active,negative-active,frame_010125.PNG
negative-active,negative-active,frame_010126.PNG
negative-active,negative-active,frame_010127.PNG
negative-active,negative-active,frame_010128.PNG
negative-active,negative-active,frame_010129.PNG
negative-active,negative-active,frame_010130.PNG
negative-active,negative-active,frame_010131.PNG
negative-active,negative-active,frame_010132.PNG
negative-active,negative-active,frame_010133.PNG
negative-active,negative-active,frame_010134.PNG
negative-active,negative-active,frame_010135.PNG
negative-active,negative-active,frame_010136.PNG
negative-active,negative-active,frame_010137.PNG
negative-active,negative-active,frame_010138.PNG
negative-active,negative-active,frame_010139.PNG
negative-active,negative-active,frame_010140.PNG
negative-active,negative-active,frame_010141.PNG
negative-active,negative-active,frame_010142.PNG
negative-active,negative-active,frame_010143.PNG
negative-deactive,negative-active,frame_010151.PNG
negative-deactive,negative-active,frame_010152.PNG
negative-deactive,negative-active,frame_010153.PNG
negative-deactive,negative-active,frame_010154.PNG
negative-active,negative-active,frame_010155.PNG
negative-active,negative-active,frame_010156.PNG
negative-active,negative-active,frame_010157.PNG
negative-active,negative-active,frame_010158.PNG
negative-active,negative-active,frame_010159.PNG
negative-active,negative-active,frame_010160.PNG
negative-active,negative-active,frame_010161.PNG
negative-active,negative-active,frame_010162.PNG
negative-active,negative-active,frame_010163.PNG
negative-active,negative-active,frame_010164.PNG
negative-active,negative-active,frame_010165.PNG
negative-active,negative-active,frame_010166.PNG
negative-deactive,negative-active,frame_010170.PNG
negative-deactive,negative-active,frame_010171.PNG
negative-deactive,negative-active,frame_010172.PNG
negative-active,negative-active,frame_010173.PNG
negative-active,negative-active,frame_010174.PNG
negative-active,negative-active,frame_010175.PNG
negative-active,negative-active,frame_010176.PNG
negative-active,negative-active,frame_010177.PNG
negative-active,negative-active,frame_010178.PNG
negative-active,negative-active,frame_010179.PNG
negative-active,negative-active,frame_010180.PNG
negative-active,negative-active,frame_010181.PNG
negative-active,negative-active,frame_010182.PNG
negative-active,negative-active,frame_010183.PNG
negative-active,negative-active,frame_010184.PNG
negative-active,negative-active,frame_010185.PNG
negative-deactive,negative-active,frame_010186.PNG
negative-deactive,negative-active,frame_010187.PNG
negative-deactive,negative-active,frame_010188.PNG
negative-deactive,negative-active,frame_010189.PNG
negative-deactive,negative-active,frame_010190.PNG
negative-deactive,negative-active,frame_010191.PNG
negative-deactive,negative-active,frame_010192.PNG
negative-deactive,negative-active,frame_010193.PNG
negative-deactive,negative-deactive,frame_010199.PNG
negative-active,negative-deactive,frame_010200.PNG
negative-active,negative-deactive,frame_010201.PNG
negative-active,negative-active,frame_010202.PNG
negative-active,negative-active,frame_010203.PNG
negative-active,negative-active,frame_010204.PNG
negative-active,negative-active,frame_010205.PNG
negative-active,negative-active,frame_010206.PNG
negative-active,negative-active,frame_010207.PNG
negative-active,negative-active,frame_010208.PNG
negative-active,negative-active,frame_010209.PNG
negative-active,negative-active,frame_010210.PNG
negative-active,negative-active,frame_010211.PNG
negative-active,negative-active,frame_010212.PNG
negative-active,negative-active,frame_010213.PNG
negative-active,negative-active,frame_010214.PNG
negative-active,negative-active,frame_010215.PNG
negative-active,negative-active,frame_010216.PNG
negative-active,negative-active,frame_010217.PNG
negative-active,negative-active,frame_010218.PNG
negative-active,negative-active,frame_010219.PNG
negative-active,negative-active,frame_010220.PNG
negative-active,negative-active,frame_010221.PNG
negative-active,negative-active,frame_010222.PNG
negative-active,negative-active,frame_010223.PNG
negative-active,negative-active,frame_010224.PNG
negative-active,negative-active,frame_010225.PNG
negative-active,negative-active,frame_010226.PNG
negative-active,negative-active,frame_010227.PNG
negative-active,negative-active,frame_010228.PNG
negative-active,negative-active,frame_010229.PNG
negative-active,negative-active,frame_010230.PNG
negative-active,negative-active,frame_010231.PNG
negative-active,negative-active,frame_010232.PNG
negative-active,negative-active,frame_010233.PNG
negative-active,negative-active,frame_010234.PNG
negative-deactive,negative-deactive,frame_010239.PNG
negative-deactive,negative-deactive,frame_010240.PNG
negative-deactive,negative-deactive,frame_010241.PNG
negative-active,negative-deactive,frame_010242.PNG
negative-active,negative-deactive,frame_010243.PNG
negative-active,negative-active,frame_010244.PNG
negative-active,negative-active,frame_010245.PNG
negative-active,negative-active,frame_010246.PNG
negative-active,negative-active,frame_010247.PNG
negative-active,negative-active,frame_010248.PNG
negative-active,negative-active,frame_010249.PNG
negative-active,negative-active,frame_010250.PNG
negative-active,negative-active,frame_010251.PNG
negative-active,negative-active,frame_010252.PNG
negative-active,negative-active,frame_010253.PNG
negative-active,negative-active,frame_010254.PNG
negative-active,negative-active,frame_010255.PNG
negative-active,negative-active,frame_010256.PNG
negative-active,negative-active,frame_010257.PNG
negative-active,negative-active,frame_010258.PNG
negative-active,negative-active,frame_010259.PNG
negative-active,negative-active,frame_010260.PNG
negative-active,negative-active,frame_010261.PNG
negative-active,negative-active,frame_010262.PNG
negative-active,negative-active,frame_010263.PNG
negative-active,negative-active,frame_010264.PNG
negative-active,negative-active,frame_010265.PNG
negative-active,negative-active,frame_010266.PNG
negative-active,negative-active,frame_010267.PNG
negative-deactive,negative-active,frame_010268.PNG
negative-deactive,negative-deactive,frame_010272.PNG
negative-deactive,negative-deactive,frame_010273.PNG
negative-deactive,negative-deactive,frame_010274.PNG
negative-active,negative-active,frame_010275.PNG
negative-active,negative-active,frame_010276.PNG
negative-active,negative-active,frame_010277.PNG
negative-active,negative-active,frame_010278.PNG
negative-active,negative-active,frame_010279.PNG
negative-active,negative-active,frame_010280.PNG
negative-active,negative-active,frame_010281.PNG
negative-active,negative-active,frame_010282.PNG
negative-active,negative-active,frame_010283.PNG
negative-active,negative-active,frame_010284.PNG
negative-active,negative-active,frame_010285.PNG
negative-deactive,negative-deactive,frame_010286.PNG
negative-deactive,negative-deactive,frame_010287.PNG
negative-deactive,negative-deactive,frame_010288.PNG
negative-deactive,negative-active,frame_010289.PNG
negative-deactive,negative-active,frame_010290.PNG
negative-deactive,negative-active,frame_010291.PNG
negative-active,negative-active,frame_010292.PNG
negative-active,negative-active,frame_010293.PNG
negative-active,negative-active,frame_010294.PNG
negative-active,negative-active,frame_010295.PNG
negative-active,negative-active,frame_010296.PNG
negative-active,negative-active,frame_010297.PNG
negative-active,negative-active,frame_010298.PNG
negative-active,negative-active,frame_010299.PNG
negative-active,negative-active,frame_010300.PNG
negative-active,negative-active,frame_010301.PNG
negative-active,negative-active,frame_010302.PNG
negative-active,negative-active,frame_010303.PNG
negative-active,negative-active,frame_010304.PNG
negative-active,negative-active,frame_010305.PNG
negative-active,negative-active,frame_010306.PNG
negative-active,negative-active,frame_010307.PNG
negative-active,negative-active,frame_010308.PNG
negative-active,negative-active,frame_010309.PNG
negative-active,negative-active,frame_010310.PNG
negative-active,negative-active,frame_010311.PNG
negative-active,negative-active,frame_010312.PNG
negative-active,negative-active,frame_010313.PNG
negative-active,negative-active,frame_010314.PNG
negative-active,negative-active,frame_010315.PNG
negative-active,negative-active,frame_010316.PNG
negative-active,negative-active,frame_010317.PNG
negative-active,negative-active,frame_010318.PNG
negative-active,negative-active,frame_010319.PNG
negative-active,negative-active,frame_010320.PNG
negative-active,negative-active,frame_010321.PNG
negative-active,negative-active,frame_010322.PNG
negative-active,negative-active,frame_010323.PNG
negative-active,negative-active,frame_010324.PNG
negative-deactive,negative-active,frame_010325.PNG
negative-deactive,negative-active,frame_010326.PNG
negative-deactive,negative-active,frame_010327.PNG
negative-deactive,negative-active,frame_010328.PNG
negative-deactive,negative-active,frame_010329.PNG
negative-deactive,negative-active,frame_010330.PNG
negative-deactive,negative-active,frame_010331.PNG
negative-deactive,negative-active,frame_010332.PNG
negative-deactive,negative-active,frame_010333.PNG
negative-deactive,negative-active,frame_010334.PNG
negative-deactive,negative-active,frame_010335.PNG
negative-deactive,negative-active,frame_010336.PNG
negative-deactive,negative-active,frame_010337.PNG
negative-deactive,negative-active,frame_010338.PNG
negative-deactive,negative-active,frame_010339.PNG
negative-deactive,negative-active,frame_010340.PNG
negative-deactive,negative-active,frame_010341.PNG
negative-deactive,negative-active,frame_010342.PNG
negative-deactive,negative-deactive,frame_010348.PNG
negative-deactive,negative-deactive,frame_010349.PNG
negative-deactive,negative-deactive,frame_010350.PNG
negative-deactive,negative-deactive,frame_010351.PNG
negative-deactive,negative-deactive,frame_010352.PNG
negative-deactive,negative-deactive,frame_010353.PNG
negative-deactive,negative-deactive,frame_010354.PNG
negative-deactive,negative-deactive,frame_010355.PNG
negative-deactive,negative-deactive,frame_010356.PNG
negative-deactive,negative-deactive,frame_010357.PNG
negative-deactive,negative-deactive,frame_010358.PNG
negative-deactive,negative-deactive,frame_010359.PNG
negative-deactive,negative-deactive,frame_010360.PNG
negative-deactive,negative-deactive,frame_010361.PNG
negative-deactive,negative-deactive,frame_010362.PNG
negative-deactive,negative-deactive,frame_010363.PNG
negative-deactive,negative-deactive,frame_010364.PNG
negative-deactive,negative-deactive,frame_010365.PNG
negative-deactive,negative-deactive,frame_010366.PNG
negative-deactive,negative-deactive,frame_010367.PNG
negative-deactive,negative-deactive,frame_010368.PNG
negative-deactive,negative-deactive,frame_010369.PNG
negative-deactive,negative-deactive,frame_010370.PNG
negative-deactive,negative-deactive,frame_010371.PNG
negative-deactive,negative-deactive,frame_010372.PNG
negative-deactive,negative-deactive,frame_010373.PNG
negative-deactive,negative-deactive,frame_010378.PNG
negative-deactive,negative-deactive,frame_010379.PNG
negative-deactive,negative-deactive,frame_010380.PNG
negative-deactive,negative-deactive,frame_010381.PNG
negative-deactive,negative-deactive,frame_010382.PNG
negative-deactive,negative-deactive,frame_010383.PNG
negative-deactive,negative-deactive,frame_010395.PNG
negative-deactive,negative-deactive,frame_010396.PNG
negative-deactive,negative-active,frame_010397.PNG
negative-deactive,negative-active,frame_010398.PNG
negative-deactive,negative-active,frame_010399.PNG
negative-deactive,negative-active,frame_010400.PNG
negative-deactive,negative-active,frame_010401.PNG
negative-deactive,negative-active,frame_010402.PNG
negative-deactive,negative-active,frame_010403.PNG
negative-deactive,negative-active,frame_010404.PNG
negative-deactive,negative-active,frame_010405.PNG
negative-deactive,negative-active,frame_010406.PNG
negative-deactive,negative-active,frame_010407.PNG
negative-active,negative-active,frame_010408.PNG
negative-active,negative-active,frame_010409.PNG
negative-active,negative-active,frame_010410.PNG
negative-active,negative-active,frame_010411.PNG
negative-active,negative-active,frame_010412.PNG
negative-active,negative-active,frame_010413.PNG
negative-active,negative-active,frame_010414.PNG
negative-active,negative-active,frame_010415.PNG
negative-active,negative-active,frame_010416.PNG
negative-active,negative-active,frame_010417.PNG
negative-active,negative-active,frame_010418.PNG
negative-active,negative-active,frame_010419.PNG
negative-active,negative-active,frame_010420.PNG
negative-active,negative-active,frame_010421.PNG
negative-active,negative-active,frame_010422.PNG
negative-active,negative-active,frame_010423.PNG
negative-deactive,negative-active,frame_010424.PNG
negative-deactive,negative-active,frame_010425.PNG
negative-deactive,negative-deactive,frame_010430.PNG
negative-deactive,negative-deactive,frame_010431.PNG
negative-deactive,negative-deactive,frame_010432.PNG
negative-deactive,negative-deactive,frame_010433.PNG
negative-deactive,negative-active,frame_010434.PNG
negative-deactive,negative-active,frame_010435.PNG
negative-deactive,negative-active,frame_010436.PNG
negative-deactive,negative-active,frame_010437.PNG
negative-deactive,negative-active,frame_010438.PNG
neutral,negative-active,frame_010439.PNG
neutral,negative-active,frame_010440.PNG
neutral,negative-active,frame_010441.PNG
neutral,negative-active,frame_010442.PNG
neutral,negative-active,frame_010443.PNG
neutral,negative-active,frame_010444.PNG
negative-deactive,negative-deactive,frame_010445.PNG
negative-deactive,negative-deactive,frame_010450.PNG
negative-deactive,negative-deactive,frame_010451.PNG
negative-deactive,negative-deactive,frame_010452.PNG
negative-deactive,negative-deactive,frame_010453.PNG
negative-deactive,negative-deactive,frame_010454.PNG
negative-deactive,negative-deactive,frame_010455.PNG
negative-deactive,negative-deactive,frame_010456.PNG
negative-deactive,negative-deactive,frame_010457.PNG
negative-deactive,negative-deactive,frame_010458.PNG
negative-deactive,negative-deactive,frame_010459.PNG
negative-deactive,negative-deactive,frame_010460.PNG
negative-deactive,negative-deactive,frame_010461.PNG
negative-deactive,negative-deactive,frame_010462.PNG
negative-deactive,negative-deactive,frame_010463.PNG
negative-deactive,negative-deactive,frame_010464.PNG
negative-deactive,negative-deactive,frame_010465.PNG
negative-deactive,negative-deactive,frame_010466.PNG
negative-deactive,negative-deactive,frame_010467.PNG
negative-deactive,negative-deactive,frame_010468.PNG
negative-deactive,negative-deactive,frame_010469.PNG
negative-deactive,negative-deactive,frame_010470.PNG
negative-deactive,negative-deactive,frame_010471.PNG
negative-deactive,negative-deactive,frame_010472.PNG
negative-deactive,negative-active,frame_010473.PNG
neutral,negative-active,frame_010474.PNG
neutral,negative-active,frame_010475.PNG
neutral,negative-active,frame_010476.PNG
neutral,negative-active,frame_010477.PNG
neutral,negative-active,frame_010478.PNG
neutral,negative-active,frame_010479.PNG
neutral,negative-active,frame_010480.PNG
neutral,negative-active,frame_010481.PNG
neutral,negative-active,frame_010482.PNG
neutral,negative-active,frame_010483.PNG
neutral,negative-active,frame_010484.PNG
neutral,negative-active,frame_010485.PNG
neutral,negative-active,frame_010486.PNG
neutral,negative-active,frame_010487.PNG
neutral,negative-active,frame_010488.PNG
neutral,negative-active,frame_010489.PNG
neutral,negative-active,frame_010490.PNG
neutral,negative-active,frame_010491.PNG
neutral,negative-deactive,frame_010492.PNG
neutral,negative-deactive,frame_010493.PNG
neutral,negative-deactive,frame_010494.PNG
neutral,negative-deactive,frame_010495.PNG
neutral,negative-deactive,frame_010496.PNG
neutral,negative-deactive,frame_010497.PNG
neutral,negative-deactive,frame_010498.PNG
neutral,negative-deactive,frame_010499.PNG
neutral,negative-deactive,frame_010500.PNG
neutral,negative-deactive,frame_010501.PNG
neutral,negative-deactive,frame_010502.PNG
neutral,negative-deactive,frame_010503.PNG
neutral,negative-deactive,frame_010504.PNG
neutral,negative-deactive,frame_010505.PNG
neutral,negative-deactive,frame_010506.PNG
neutral,negative-deactive,frame_010507.PNG
neutral,negative-deactive,frame_010508.PNG
neutral,negative-deactive,frame_010509.PNG
neutral,negative-deactive,frame_010510.PNG
neutral,negative-deactive,frame_010511.PNG
neutral,negative-deactive,frame_010512.PNG
neutral,negative-deactive,frame_010513.PNG
neutral,negative-deactive,frame_010514.PNG
neutral,negative-deactive,frame_010515.PNG
neutral,negative-deactive,frame_010516.PNG
negative-deactive,negative-deactive,frame_010521.PNG
negative-deactive,negative-deactive,frame_010522.PNG
negative-deactive,negative-deactive,frame_010523.PNG
negative-deactive,negative-deactive,frame_010524.PNG
negative-deactive,negative-deactive,frame_010525.PNG
negative-deactive,negative-deactive,frame_010526.PNG
negative-deactive,negative-deactive,frame_010527.PNG
negative-deactive,negative-deactive,frame_010528.PNG
negative-deactive,negative-deactive,frame_010529.PNG
negative-deactive,negative-deactive,frame_010530.PNG
negative-deactive,negative-deactive,frame_010531.PNG
negative-deactive,negative-deactive,frame_010532.PNG
negative-deactive,negative-deactive,frame_010533.PNG
negative-active,negative-active,frame_010534.PNG
negative-active,negative-active,frame_010535.PNG
negative-active,negative-active,frame_010536.PNG
negative-active,negative-active,frame_010537.PNG
negative-active,negative-active,frame_010538.PNG
negative-deactive,negative-deactive,frame_010545.PNG
negative-deactive,negative-deactive,frame_010546.PNG
negative-deactive,negative-deactive,frame_010547.PNG
negative-deactive,negative-deactive,frame_010548.PNG
negative-deactive,negative-deactive,frame_010549.PNG
negative-deactive,negative-deactive,frame_010550.PNG
negative-deactive,negative-deactive,frame_010551.PNG
negative-active,negative-deactive,frame_010552.PNG
negative-active,negative-deactive,frame_010553.PNG
positive-deactive,negative-deactive,frame_010554.PNG
positive-deactive,negative-deactive,frame_010555.PNG
positive-deactive,negative-active,frame_010556.PNG
positive-deactive,negative-active,frame_010557.PNG
positive-deactive,negative-active,frame_010558.PNG
positive-deactive,negative-active,frame_010559.PNG
positive-deactive,negative-active,frame_010560.PNG
positive-deactive,negative-active,frame_010561.PNG
positive-deactive,negative-active,frame_010562.PNG
positive-active,negative-active,frame_010563.PNG
positive-active,negative-active,frame_010564.PNG
positive-active,negative-active,frame_010565.PNG
positive-active,negative-active,frame_010566.PNG
positive-active,negative-active,frame_010567.PNG
positive-active,negative-active,frame_010568.PNG
positive-active,negative-active,frame_010569.PNG
positive-active,negative-active,frame_010570.PNG
positive-active,negative-active,frame_010571.PNG
positive-active,negative-active,frame_010572.PNG
positive-deactive,negative-active,frame_010573.PNG
positive-deactive,negative-active,frame_010574.PNG
positive-deactive,negative-active,frame_010575.PNG
negative-deactive,negative-deactive,frame_010576.PNG
negative-deactive,negative-deactive,frame_010577.PNG
negative-deactive,negative-deactive,frame_010578.PNG
negative-deactive,negative-deactive,frame_010579.PNG
negative-deactive,negative-deactive,frame_010580.PNG
negative-deactive,negative-deactive,frame_010581.PNG
positive-active,positive-active,frame_010587.PNG
positive-active,positive-active,frame_010588.PNG
positive-active,negative-deactive,frame_010589.PNG
positive-deactive,negative-deactive,frame_010590.PNG
positive-deactive,negative-deactive,frame_010591.PNG
positive-deactive,negative-deactive,frame_010592.PNG
positive-deactive,negative-deactive,frame_010593.PNG
positive-deactive,negative-deactive,frame_010594.PNG
positive-deactive,negative-deactive,frame_010595.PNG
positive-deactive,negative-deactive,frame_010604.PNG
positive-deactive,negative-deactive,frame_010605.PNG
positive-deactive,negative-deactive,frame_010606.PNG
positive-deactive,negative-deactive,frame_010607.PNG
positive-deactive,negative-deactive,frame_010608.PNG
positive-deactive,negative-deactive,frame_010609.PNG
positive-deactive,negative-active,frame_010610.PNG
positive-deactive,negative-active,frame_010611.PNG
positive-deactive,negative-active,frame_010612.PNG
positive-deactive,negative-active,frame_010613.PNG
positive-deactive,negative-active,frame_010614.PNG
positive-deactive,negative-active,frame_010615.PNG
positive-deactive,negative-active,frame_010616.PNG
positive-deactive,negative-active,frame_010617.PNG
positive-active,negative-active,frame_010618.PNG
positive-active,negative-active,frame_010619.PNG
positive-active,negative-deactive,frame_010620.PNG
positive-active,negative-deactive,frame_010621.PNG
positive-active,negative-deactive,frame_010622.PNG
positive-active,negative-deactive,frame_010623.PNG
positive-active,negative-deactive,frame_010624.PNG
positive-active,negative-deactive,frame_010625.PNG
positive-active,negative-deactive,frame_010626.PNG
positive-active,negative-deactive,frame_010627.PNG
positive-active,negative-deactive,frame_010628.PNG
positive-active,negative-deactive,frame_010629.PNG
positive-active,negative-deactive,frame_010630.PNG
positive-active,negative-deactive,frame_010631.PNG
positive-deactive,negative-deactive,frame_010641.PNG
neutral,negative-deactive,frame_010642.PNG
neutral,negative-deactive,frame_010643.PNG
negative-deactive,negative-deactive,frame_010644.PNG
negative-deactive,negative-deactive,frame_010645.PNG
negative-deactive,negative-deactive,frame_010646.PNG
negative-deactive,negative-deactive,frame_010647.PNG
negative-deactive,negative-deactive,frame_010648.PNG
negative-deactive,negative-deactive,frame_010649.PNG
negative-deactive,negative-deactive,frame_010650.PNG
negative-deactive,negative-deactive,frame_010651.PNG
negative-deactive,negative-deactive,frame_010652.PNG
negative-deactive,negative-deactive,frame_010653.PNG
negative-deactive,negative-deactive,frame_010654.PNG
negative-deactive,negative-deactive,frame_010655.PNG
negative-deactive,negative-deactive,frame_010656.PNG
negative-deactive,negative-deactive,frame_010657.PNG
negative-deactive,negative-deactive,frame_010658.PNG
negative-deactive,negative-deactive,frame_010659.PNG
negative-deactive,negative-deactive,frame_010660.PNG
negative-deactive,negative-deactive,frame_010661.PNG
negative-deactive,negative-deactive,frame_010662.PNG
negative-deactive,negative-deactive,frame_010663.PNG
negative-deactive,negative-deactive,frame_010664.PNG
negative-deactive,negative-deactive,frame_010665.PNG
negative-deactive,negative-deactive,frame_010666.PNG
negative-deactive,negative-deactive,frame_010667.PNG
negative-deactive,negative-deactive,frame_010668.PNG
negative-deactive,negative-deactive,frame_010669.PNG
negative-deactive,negative-deactive,frame_010670.PNG
negative-active,negative-deactive,frame_010671.PNG
negative-active,negative-deactive,frame_010672.PNG
negative-active,negative-deactive,frame_010673.PNG
negative-active,negative-deactive,frame_010674.PNG
negative-active,negative-deactive,frame_010675.PNG
negative-active,negative-deactive,frame_010676.PNG
negative-active,negative-deactive,frame_010677.PNG
negative-active,negative-deactive,frame_010678.PNG
positive-deactive,negative-deactive,frame_010679.PNG
positive-deactive,negative-deactive,frame_010680.PNG
positive-deactive,negative-deactive,frame_010681.PNG
positive-deactive,negative-deactive,frame_010682.PNG
positive-deactive,negative-deactive,frame_010683.PNG
positive-deactive,negative-deactive,frame_010684.PNG
positive-deactive,negative-active,frame_010685.PNG
positive-deactive,negative-active,frame_010686.PNG
negative-active,negative-active,frame_010687.PNG
negative-active,negative-active,frame_010688.PNG
negative-active,negative-active,frame_010689.PNG
positive-active,negative-active,frame_010690.PNG
positive-active,negative-active,frame_010691.PNG
positive-active,negative-deactive,frame_010692.PNG
positive-active,negative-deactive,frame_010693.PNG
positive-active,negative-deactive,frame_010694.PNG
positive-active,negative-deactive,frame_010695.PNG
positive-active,negative-deactive,frame_010696.PNG
positive-active,negative-deactive,frame_010697.PNG
positive-active,negative-deactive,frame_010698.PNG
positive-active,negative-deactive,frame_010699.PNG
positive-active,negative-deactive,frame_010700.PNG
positive-active,negative-deactive,frame_010701.PNG
positive-active,negative-deactive,frame_010702.PNG
positive-active,negative-deactive,frame_010703.PNG
positive-active,negative-deactive,frame_010704.PNG
positive-active,negative-deactive,frame_010705.PNG
positive-active,negative-deactive,frame_010706.PNG
positive-active,negative-deactive,frame_010707.PNG
positive-active,negative-deactive,frame_010708.PNG
negative-deactive,negative-deactive,frame_010709.PNG
negative-deactive,negative-deactive,frame_010714.PNG
negative-deactive,negative-deactive,frame_010715.PNG
negative-deactive,negative-deactive,frame_010716.PNG
negative-deactive,negative-deactive,frame_010717.PNG
negative-deactive,negative-deactive,frame_010718.PNG
negative-deactive,negative-deactive,frame_010719.PNG
negative-deactive,negative-deactive,frame_010720.PNG
negative-deactive,negative-deactive,frame_010721.PNG
negative-deactive,negative-deactive,frame_010722.PNG
negative-deactive,negative-deactive,frame_010723.PNG
positive-active,negative-deactive,frame_010724.PNG
positive-active,negative-deactive,frame_010725.PNG
positive-active,negative-deactive,frame_010726.PNG
positive-active,negative-deactive,frame_010727.PNG
positive-active,negative-deactive,frame_010728.PNG
positive-active,negative-deactive,frame_010729.PNG
positive-active,negative-deactive,frame_010730.PNG
positive-deactive,negative-deactive,frame_010742.PNG
positive-active,negative-deactive,frame_010743.PNG
positive-active,negative-deactive,frame_010744.PNG
positive-active,negative-deactive,frame_010745.PNG
negative-deactive,negative-deactive,frame_010746.PNG
negative-deactive,negative-deactive,frame_010747.PNG
negative-deactive,negative-deactive,frame_010748.PNG
negative-deactive,negative-deactive,frame_010749.PNG
negative-deactive,negative-deactive,frame_010750.PNG
negative-deactive,negative-deactive,frame_010751.PNG
negative-deactive,negative-deactive,frame_010752.PNG
neutral,negative-deactive,frame_010753.PNG
neutral,negative-deactive,frame_010754.PNG
neutral,negative-deactive,frame_010755.PNG
neutral,negative-deactive,frame_010756.PNG
neutral,negative-deactive,frame_010757.PNG
negative-active,negative-deactive,frame_010758.PNG
negative-active,negative-deactive,frame_010759.PNG
negative-active,negative-deactive,frame_010760.PNG
negative-active,negative-deactive,frame_010761.PNG
negative-active,negative-deactive,frame_010762.PNG
negative-active,negative-deactive,frame_010763.PNG
negative-active,negative-deactive,frame_010764.PNG
negative-active,negative-deactive,frame_010765.PNG
negative-active,negative-deactive,frame_010766.PNG
negative-active,negative-deactive,frame_010767.PNG
negative-deactive,negative-deactive,frame_010768.PNG
negative-deactive,negative-deactive,frame_010769.PNG
negative-deactive,negative-deactive,frame_010770.PNG
negative-deactive,negative-deactive,frame_010771.PNG
negative-deactive,negative-deactive,frame_010772.PNG
negative-deactive,negative-deactive,frame_010773.PNG
negative-deactive,negative-deactive,frame_010774.PNG
negative-deactive,negative-deactive,frame_010775.PNG
negative-deactive,negative-deactive,frame_010776.PNG
negative-deactive,negative-deactive,frame_010777.PNG
negative-deactive,negative-deactive,frame_010778.PNG
negative-deactive,negative-deactive,frame_010779.PNG
negative-deactive,negative-deactive,frame_010780.PNG
negative-deactive,negative-deactive,frame_010781.PNG
negative-deactive,negative-deactive,frame_010782.PNG
negative-deactive,negative-deactive,frame_010783.PNG
negative-deactive,negative-deactive,frame_010784.PNG
negative-deactive,negative-deactive,frame_010785.PNG
negative-deactive,negative-deactive,frame_010786.PNG
negative-deactive,negative-deactive,frame_010787.PNG
negative-deactive,negative-deactive,frame_010788.PNG
negative-deactive,negative-deactive,frame_010789.PNG
negative-deactive,negative-deactive,frame_010790.PNG
negative-deactive,negative-deactive,frame_010791.PNG
negative-deactive,negative-deactive,frame_010792.PNG
negative-deactive,negative-active,frame_010793.PNG
negative-deactive,negative-active,frame_010794.PNG
positive-deactive,negative-active,frame_010795.PNG
positive-deactive,negative-active,frame_010796.PNG
negative-deactive,negative-active,frame_010797.PNG
negative-deactive,negative-active,frame_010798.PNG
negative-deactive,negative-active,frame_010799.PNG
negative-deactive,negative-deactive,frame_010800.PNG
negative-deactive,negative-deactive,frame_010801.PNG
negative-deactive,negative-deactive,frame_010802.PNG
negative-deactive,negative-deactive,frame_010803.PNG
negative-deactive,negative-deactive,frame_010804.PNG
negative-deactive,negative-deactive,frame_010805.PNG
negative-deactive,negative-deactive,frame_010806.PNG
negative-deactive,negative-deactive,frame_010807.PNG
negative-deactive,negative-deactive,frame_010808.PNG
negative-deactive,negative-deactive,frame_010809.PNG
negative-deactive,negative-deactive,frame_010810.PNG
negative-deactive,negative-deactive,frame_010811.PNG
negative-deactive,negative-deactive,frame_010812.PNG
negative-deactive,negative-deactive,frame_010813.PNG
positive-deactive,negative-deactive,frame_010822.PNG
positive-deactive,negative-deactive,frame_010823.PNG
positive-deactive,negative-deactive,frame_010824.PNG
positive-deactive,negative-deactive,frame_010825.PNG
positive-active,negative-active,frame_010826.PNG
positive-active,negative-active,frame_010827.PNG
positive-active,negative-active,frame_010828.PNG
positive-active,negative-active,frame_010829.PNG
positive-active,negative-active,frame_010830.PNG
positive-active,negative-active,frame_010831.PNG
positive-active,negative-active,frame_010832.PNG
positive-active,negative-active,frame_010833.PNG
positive-active,negative-active,frame_010834.PNG
positive-active,negative-active,frame_010835.PNG
positive-active,negative-active,frame_010836.PNG
positive-active,negative-active,frame_010837.PNG
positive-active,negative-active,frame_010838.PNG
positive-active,negative-active,frame_010839.PNG
positive-active,negative-active,frame_010840.PNG
positive-active,negative-active,frame_010841.PNG
positive-active,negative-active,frame_010842.PNG
positive-active,negative-active,frame_010843.PNG
positive-active,negative-active,frame_010844.PNG
positive-active,negative-active,frame_010845.PNG
positive-active,negative-active,frame_010846.PNG
positive-active,negative-active,frame_010847.PNG
positive-active,negative-active,frame_010848.PNG
positive-active,negative-active,frame_010849.PNG
positive-active,negative-active,frame_010850.PNG
positive-active,negative-active,frame_010851.PNG
positive-active,negative-active,frame_010852.PNG
positive-active,negative-active,frame_010853.PNG
positive-active,negative-active,frame_010854.PNG
positive-active,negative-active,frame_010855.PNG
positive-active,negative-active,frame_010856.PNG
positive-active,negative-active,frame_010857.PNG
positive-deactive,negative-deactive,frame_010870.PNG
positive-deactive,negative-deactive,frame_010871.PNG
positive-deactive,negative-deactive,frame_010872.PNG
positive-deactive,negative-deactive,frame_010873.PNG
negative-active,negative-deactive,frame_010874.PNG
negative-active,negative-deactive,frame_010875.PNG
positive-active,negative-deactive,frame_010876.PNG
positive-active,negative-deactive,frame_010877.PNG
positive-active,negative-deactive,frame_010878.PNG
positive-active,negative-deactive,frame_010879.PNG
positive-active,negative-deactive,frame_010880.PNG
positive-active,negative-deactive,frame_010881.PNG
negative-deactive,negative-deactive,frame_010882.PNG
negative-deactive,negative-deactive,frame_010883.PNG
negative-deactive,negative-deactive,frame_010884.PNG
negative-deactive,negative-deactive,frame_010885.PNG
negative-deactive,negative-deactive,frame_010886.PNG
negative-deactive,negative-deactive,frame_010887.PNG
negative-deactive,negative-deactive,frame_010888.PNG
positive-active,negative-active,frame_010889.PNG
positive-active,negative-active,frame_010890.PNG
positive-active,negative-active,frame_010891.PNG
positive-active,negative-active,frame_010892.PNG
positive-active,negative-active,frame_010893.PNG
positive-active,negative-active,frame_010894.PNG
positive-active,negative-active,frame_010895.PNG
positive-active,negative-active,frame_010896.PNG
positive-active,negative-active,frame_010897.PNG
positive-active,negative-active,frame_010898.PNG
positive-active,negative-active,frame_010899.PNG
positive-active,negative-active,frame_010900.PNG
positive-active,negative-active,frame_010901.PNG
positive-active,negative-active,frame_010902.PNG
positive-active,negative-active,frame_010903.PNG
positive-active,negative-active,frame_010904.PNG
positive-active,negative-active,frame_010905.PNG
positive-active,positive-active,frame_010906.PNG
positive-active,positive-active,frame_010907.PNG
positive-active,positive-active,frame_010908.PNG
positive-active,positive-active,frame_010909.PNG
positive-active,positive-active,frame_010910.PNG
negative-deactive,positive-active,frame_010911.PNG
negative-deactive,negative-deactive,frame_010912.PNG
negative-deactive,negative-deactive,frame_010913.PNG
negative-deactive,negative-deactive,frame_010914.PNG
negative-deactive,negative-deactive,frame_010915.PNG
negative-deactive,negative-deactive,frame_010916.PNG
negative-deactive,negative-deactive,frame_010917.PNG
negative-deactive,negative-deactive,frame_010918.PNG
negative-deactive,negative-deactive,frame_010919.PNG
negative-deactive,negative-deactive,frame_010920.PNG
negative-deactive,negative-deactive,frame_010921.PNG
negative-deactive,negative-deactive,frame_010922.PNG
negative-deactive,negative-deactive,frame_010923.PNG
negative-deactive,negative-deactive,frame_010924.PNG
negative-deactive,negative-deactive,frame_010925.PNG
negative-deactive,negative-deactive,frame_010926.PNG
negative-deactive,negative-deactive,frame_010927.PNG
neutral,negative-deactive,frame_010928.PNG
negative-deactive,negative-deactive,frame_010935.PNG
negative-deactive,negative-deactive,frame_010936.PNG
negative-deactive,negative-deactive,frame_010937.PNG
negative-deactive,negative-deactive,frame_010938.PNG
negative-deactive,negative-deactive,frame_010939.PNG
negative-deactive,negative-deactive,frame_010940.PNG
negative-deactive,negative-deactive,frame_010941.PNG
negative-deactive,negative-deactive,frame_010942.PNG
negative-deactive,negative-deactive,frame_010943.PNG
negative-deactive,negative-active,frame_010944.PNG
negative-deactive,negative-active,frame_010945.PNG
negative-active,negative-active,frame_010946.PNG
negative-active,negative-active,frame_010947.PNG
negative-active,negative-active,frame_010948.PNG
negative-active,negative-active,frame_010949.PNG
negative-active,negative-active,frame_010950.PNG
negative-active,negative-active,frame_010951.PNG
negative-active,negative-active,frame_010952.PNG
negative-deactive,negative-active,frame_010953.PNG
negative-active,negative-deactive,frame_010960.PNG
negative-active,negative-deactive,frame_010961.PNG
negative-active,negative-deactive,frame_010962.PNG
negative-active,negative-deactive,frame_010963.PNG
negative-active,negative-deactive,frame_010964.PNG
negative-active,negative-deactive,frame_010965.PNG
negative-active,negative-active,frame_010966.PNG
negative-active,negative-active,frame_010967.PNG
negative-active,negative-active,frame_010968.PNG
negative-active,negative-active,frame_010969.PNG
negative-active,negative-active,frame_010970.PNG
negative-active,negative-active,frame_010971.PNG
negative-active,negative-active,frame_010972.PNG
negative-active,negative-active,frame_010973.PNG
negative-active,negative-active,frame_010974.PNG
negative-active,negative-active,frame_010975.PNG
negative-active,negative-active,frame_010976.PNG
negative-active,negative-active,frame_010977.PNG
negative-active,negative-active,frame_010978.PNG
negative-active,negative-active,frame_010979.PNG
negative-active,negative-active,frame_010980.PNG
negative-active,negative-active,frame_010981.PNG
negative-active,negative-active,frame_010982.PNG
negative-active,negative-active,frame_010983.PNG
negative-deactive,negative-deactive,frame_010990.PNG
negative-deactive,negative-deactive,frame_010991.PNG
negative-deactive,negative-deactive,frame_010992.PNG
negative-deactive,negative-deactive,frame_010993.PNG
negative-deactive,negative-deactive,frame_010994.PNG
negative-active,negative-deactive,frame_010995.PNG
negative-active,negative-deactive,frame_010996.PNG
negative-active,negative-deactive,frame_010997.PNG
negative-active,negative-deactive,frame_010998.PNG
negative-active,negative-deactive,frame_010999.PNG
negative-active,negative-deactive,frame_011000.PNG
negative-active,negative-deactive,frame_011001.PNG
negative-active,negative-deactive,frame_011002.PNG
negative-active,negative-deactive,frame_011003.PNG
negative-active,negative-deactive,frame_011004.PNG
negative-active,negative-deactive,frame_011005.PNG
negative-active,negative-deactive,frame_011006.PNG
negative-active,negative-deactive,frame_011007.PNG
negative-deactive,negative-deactive,frame_011008.PNG
negative-active,negative-active,frame_011009.PNG
negative-active,negative-active,frame_011010.PNG
negative-active,negative-active,frame_011011.PNG
negative-active,negative-active,frame_011012.PNG
negative-active,negative-active,frame_011013.PNG
negative-active,negative-active,frame_011014.PNG
negative-active,negative-active,frame_011015.PNG
negative-active,negative-active,frame_011016.PNG
negative-active,negative-active,frame_011017.PNG
negative-active,negative-active,frame_011018.PNG
negative-active,negative-active,frame_011019.PNG
negative-active,negative-active,frame_011020.PNG
negative-active,negative-active,frame_011021.PNG
negative-active,negative-active,frame_011022.PNG
negative-active,negative-active,frame_011023.PNG
negative-active,negative-active,frame_011024.PNG
negative-active,negative-active,frame_011025.PNG
negative-active,negative-active,frame_011026.PNG
negative-active,negative-active,frame_011027.PNG
negative-active,negative-active,frame_011028.PNG
negative-active,negative-active,frame_011029.PNG
negative-active,negative-active,frame_011030.PNG
negative-active,negative-active,frame_011031.PNG
negative-active,negative-active,frame_011032.PNG
negative-active,negative-active,frame_011033.PNG
negative-active,negative-active,frame_011034.PNG
negative-active,negative-active,frame_011035.PNG
negative-active,negative-active,frame_011036.PNG
negative-active,negative-active,frame_011037.PNG
negative-active,negative-active,frame_011038.PNG
negative-active,negative-active,frame_011039.PNG
negative-active,negative-active,frame_011040.PNG
negative-active,negative-active,frame_011041.PNG
negative-active,negative-active,frame_011042.PNG
negative-deactive,negative-active,frame_011049.PNG
negative-deactive,negative-active,frame_011050.PNG
negative-deactive,negative-active,frame_011051.PNG
negative-deactive,negative-active,frame_011052.PNG
negative-deactive,negative-active,frame_011053.PNG
negative-deactive,negative-active,frame_011054.PNG
negative-deactive,negative-active,frame_011055.PNG
negative-deactive,negative-active,frame_011056.PNG
negative-active,negative-active,frame_011057.PNG
negative-active,negative-active,frame_011058.PNG
negative-active,negative-active,frame_011059.PNG
negative-active,negative-active,frame_011060.PNG
negative-active,negative-active,frame_011061.PNG
negative-active,negative-active,frame_011062.PNG
negative-active,negative-active,frame_011063.PNG
negative-active,negative-active,frame_011064.PNG
negative-active,negative-active,frame_011065.PNG
negative-active,negative-active,frame_011066.PNG
negative-deactive,negative-active,frame_011067.PNG
negative-deactive,negative-active,frame_011068.PNG
negative-deactive,negative-active,frame_011069.PNG
negative-deactive,negative-active,frame_011070.PNG
negative-deactive,negative-deactive,frame_011071.PNG
negative-deactive,negative-deactive,frame_011078.PNG
negative-deactive,negative-deactive,frame_011079.PNG
negative-deactive,negative-deactive,frame_011080.PNG
negative-deactive,negative-deactive,frame_011081.PNG
negative-active,negative-active,frame_011082.PNG
negative-active,negative-active,frame_011083.PNG
negative-active,negative-active,frame_011084.PNG
negative-active,negative-active,frame_011085.PNG
negative-active,negative-active,frame_011086.PNG
positive-deactive,negative-active,frame_011087.PNG
positive-deactive,negative-active,frame_011088.PNG
positive-deactive,negative-active,frame_011089.PNG
positive-deactive,negative-active,frame_011090.PNG
positive-deactive,negative-active,frame_011091.PNG
positive-deactive,negative-active,frame_011092.PNG
positive-deactive,negative-active,frame_011093.PNG
positive-deactive,negative-active,frame_011094.PNG
positive-deactive,negative-active,frame_011095.PNG
positive-deactive,negative-active,frame_011096.PNG
positive-deactive,negative-deactive,frame_011097.PNG
positive-deactive,negative-deactive,frame_011098.PNG
positive-deactive,negative-deactive,frame_011099.PNG
negative-deactive,negative-deactive,frame_011100.PNG
negative-deactive,negative-deactive,frame_011101.PNG
negative-deactive,negative-deactive,frame_011102.PNG
negative-deactive,negative-deactive,frame_011103.PNG
negative-active,negative-deactive,frame_011104.PNG
negative-active,negative-deactive,frame_011105.PNG
negative-active,negative-deactive,frame_011106.PNG
negative-active,negative-deactive,frame_011107.PNG
negative-active,negative-deactive,frame_011108.PNG
negative-active,negative-deactive,frame_011109.PNG
negative-active,negative-deactive,frame_011110.PNG
negative-active,negative-deactive,frame_011111.PNG
negative-deactive,negative-active,frame_011120.PNG
negative-deactive,negative-active,frame_011121.PNG
negative-deactive,negative-active,frame_011122.PNG
negative-deactive,negative-active,frame_011123.PNG
negative-deactive,negative-active,frame_011124.PNG
negative-deactive,negative-active,frame_011125.PNG
negative-deactive,negative-active,frame_011126.PNG
negative-active,negative-active,frame_011127.PNG
negative-active,negative-active,frame_011128.PNG
negative-active,negative-active,frame_011129.PNG
negative-active,negative-active,frame_011130.PNG
negative-active,negative-active,frame_011131.PNG
negative-active,negative-active,frame_011132.PNG
negative-active,negative-active,frame_011133.PNG
negative-active,negative-active,frame_011134.PNG
positive-active,negative-active,frame_011135.PNG
positive-active,negative-active,frame_011136.PNG
positive-active,negative-active,frame_011137.PNG
positive-active,negative-active,frame_011138.PNG
positive-active,negative-active,frame_011139.PNG
positive-active,negative-active,frame_011140.PNG
positive-active,negative-active,frame_011141.PNG
positive-active,negative-active,frame_011142.PNG
positive-active,negative-active,frame_011143.PNG
negative-active,negative-active,frame_011144.PNG
negative-active,negative-deactive,frame_011145.PNG
negative-active,negative-deactive,frame_011146.PNG
negative-active,negative-deactive,frame_011147.PNG
negative-active,negative-deactive,frame_011148.PNG
negative-active,negative-deactive,frame_011149.PNG
negative-active,negative-deactive,frame_011150.PNG
negative-active,negative-deactive,frame_011151.PNG
negative-active,negative-deactive,frame_011152.PNG
negative-active,negative-deactive,frame_011153.PNG
negative-active,negative-deactive,frame_011154.PNG
negative-active,negative-deactive,frame_011155.PNG
negative-active,negative-deactive,frame_011156.PNG
negative-active,negative-deactive,frame_011157.PNG
positive-active,negative-deactive,frame_011158.PNG
positive-active,negative-deactive,frame_011159.PNG
positive-active,negative-deactive,frame_011160.PNG
positive-active,negative-deactive,frame_011161.PNG
positive-active,negative-deactive,frame_011162.PNG
positive-active,negative-deactive,frame_011163.PNG
negative-deactive,negative-deactive,frame_011164.PNG
negative-deactive,negative-deactive,frame_011165.PNG
negative-deactive,negative-deactive,frame_011166.PNG
negative-deactive,negative-deactive,frame_011167.PNG
negative-deactive,negative-deactive,frame_011168.PNG
negative-deactive,negative-deactive,frame_011169.PNG
negative-deactive,negative-deactive,frame_011170.PNG
negative-deactive,negative-deactive,frame_011171.PNG
negative-active,negative-deactive,frame_011172.PNG
negative-active,negative-deactive,frame_011173.PNG
negative-active,negative-deactive,frame_011174.PNG
negative-active,negative-deactive,frame_011175.PNG
negative-active,negative-deactive,frame_011176.PNG
negative-active,negative-deactive,frame_011177.PNG
negative-deactive,negative-deactive,frame_011183.PNG
negative-deactive,negative-deactive,frame_011184.PNG
negative-deactive,negative-deactive,frame_011185.PNG
negative-deactive,negative-deactive,frame_011186.PNG
negative-deactive,negative-deactive,frame_011187.PNG
negative-deactive,negative-deactive,frame_011188.PNG
negative-deactive,negative-deactive,frame_011189.PNG
negative-deactive,negative-deactive,frame_011190.PNG
negative-deactive,negative-deactive,frame_011191.PNG
negative-deactive,negative-deactive,frame_011192.PNG
negative-deactive,negative-deactive,frame_011193.PNG
negative-deactive,negative-active,frame_011194.PNG
negative-deactive,negative-active,frame_011195.PNG
negative-deactive,negative-active,frame_011196.PNG
negative-deactive,negative-active,frame_011197.PNG
negative-deactive,negative-active,frame_011198.PNG
negative-deactive,negative-active,frame_011199.PNG
negative-deactive,negative-active,frame_011200.PNG
negative-deactive,negative-active,frame_011201.PNG
negative-deactive,negative-active,frame_011202.PNG
negative-deactive,negative-active,frame_011203.PNG
negative-deactive,negative-active,frame_011204.PNG
negative-active,negative-active,frame_011214.PNG
negative-active,negative-active,frame_011215.PNG
negative-active,negative-active,frame_011216.PNG
negative-active,negative-active,frame_011217.PNG
negative-active,negative-active,frame_011218.PNG
negative-active,negative-active,frame_011219.PNG
negative-active,negative-active,frame_011220.PNG
negative-active,negative-active,frame_011221.PNG
negative-active,negative-active,frame_011222.PNG
negative-active,negative-active,frame_011223.PNG
negative-active,negative-active,frame_011224.PNG
negative-active,negative-active,frame_011225.PNG
negative-active,negative-active,frame_011226.PNG
negative-active,negative-active,frame_011227.PNG
negative-deactive,negative-active,frame_011238.PNG
negative-deactive,negative-active,frame_011239.PNG
negative-deactive,negative-active,frame_011240.PNG
negative-deactive,negative-active,frame_011241.PNG
neutral,negative-active,frame_011242.PNG
negative-active,negative-active,frame_011249.PNG
negative-active,negative-active,frame_011250.PNG
negative-active,negative-active,frame_011251.PNG
negative-active,negative-active,frame_011252.PNG
negative-active,negative-active,frame_011253.PNG
negative-active,negative-active,frame_011254.PNG
negative-active,negative-active,frame_011255.PNG
negative-active,negative-active,frame_011256.PNG
negative-active,negative-active,frame_011257.PNG
negative-active,negative-active,frame_011258.PNG
negative-active,negative-active,frame_011259.PNG
negative-active,negative-active,frame_011260.PNG
negative-deactive,negative-active,frame_011261.PNG
negative-deactive,negative-active,frame_011262.PNG
negative-deactive,negative-active,frame_011263.PNG
negative-deactive,negative-active,frame_011264.PNG
negative-deactive,negative-active,frame_011265.PNG
negative-deactive,negative-active,frame_011266.PNG
negative-deactive,negative-active,frame_011267.PNG
negative-deactive,negative-active,frame_011268.PNG
negative-deactive,negative-active,frame_011269.PNG
negative-deactive,negative-active,frame_011270.PNG
negative-deactive,negative-active,frame_011271.PNG
negative-deactive,negative-active,frame_011272.PNG
negative-deactive,negative-active,frame_011273.PNG
negative-deactive,negative-active,frame_011274.PNG
negative-deactive,negative-active,frame_011275.PNG
negative-deactive,negative-active,frame_011276.PNG
negative-deactive,negative-active,frame_011277.PNG
negative-deactive,negative-active,frame_011278.PNG
negative-deactive,negative-active,frame_011279.PNG
negative-deactive,negative-active,frame_011280.PNG
negative-deactive,negative-active,frame_011281.PNG
negative-deactive,negative-active,frame_011282.PNG
negative-deactive,negative-active,frame_011283.PNG
negative-deactive,negative-active,frame_011284.PNG
negative-deactive,negative-active,frame_011285.PNG
negative-deactive,negative-active,frame_011286.PNG
negative-deactive,negative-active,frame_011287.PNG
negative-deactive,negative-active,frame_011288.PNG
negative-deactive,negative-active,frame_011289.PNG
negative-deactive,negative-active,frame_011290.PNG
negative-active,negative-active,frame_011291.PNG
negative-active,negative-active,frame_011292.PNG
negative-active,negative-active,frame_011293.PNG
negative-active,negative-active,frame_011294.PNG
negative-active,negative-active,frame_011295.PNG
negative-active,negative-active,frame_011296.PNG
negative-active,negative-active,frame_011297.PNG
negative-active,negative-active,frame_011298.PNG
negative-active,negative-active,frame_011299.PNG
negative-active,negative-active,frame_011300.PNG
negative-active,negative-active,frame_011301.PNG
negative-active,negative-active,frame_011302.PNG
negative-active,negative-active,frame_011303.PNG
negative-active,negative-active,frame_011304.PNG
negative-active,negative-active,frame_011305.PNG
negative-deactive,negative-active,frame_011306.PNG
negative-deactive,negative-active,frame_011307.PNG
negative-deactive,negative-active,frame_011308.PNG
negative-deactive,negative-active,frame_011309.PNG
negative-deactive,negative-active,frame_011310.PNG
negative-deactive,negative-active,frame_011311.PNG
negative-deactive,negative-active,frame_011312.PNG
negative-deactive,negative-active,frame_011313.PNG
negative-deactive,negative-active,frame_011314.PNG
negative-deactive,negative-active,frame_011315.PNG
negative-deactive,negative-active,frame_011316.PNG
negative-deactive,negative-active,frame_011317.PNG
negative-deactive,negative-active,frame_011318.PNG
negative-deactive,negative-deactive,frame_011319.PNG
negative-deactive,negative-deactive,frame_011320.PNG
negative-deactive,negative-deactive,frame_011321.PNG
negative-deactive,negative-deactive,frame_011322.PNG
negative-deactive,negative-deactive,frame_011323.PNG
negative-active,negative-deactive,frame_011324.PNG
negative-active,negative-deactive,frame_011325.PNG
negative-active,negative-deactive,frame_011326.PNG
negative-deactive,negative-deactive,frame_011327.PNG
negative-deactive,negative-deactive,frame_011328.PNG
negative-deactive,negative-deactive,frame_011329.PNG
negative-deactive,negative-deactive,frame_011330.PNG
negative-deactive,negative-deactive,frame_011331.PNG
negative-deactive,negative-deactive,frame_011332.PNG
negative-deactive,negative-deactive,frame_011333.PNG
negative-active,negative-deactive,frame_011334.PNG
negative-active,negative-deactive,frame_011335.PNG
negative-active,negative-deactive,frame_011336.PNG
negative-active,negative-deactive,frame_011337.PNG
negative-active,negative-deactive,frame_011338.PNG
negative-deactive,negative-active,frame_011339.PNG
negative-active,negative-active,frame_011340.PNG
negative-active,negative-active,frame_011341.PNG
negative-active,negative-active,frame_011342.PNG
negative-active,negative-active,frame_011343.PNG
negative-active,negative-active,frame_011344.PNG
negative-active,negative-active,frame_011345.PNG
negative-active,negative-active,frame_011346.PNG
negative-active,negative-active,frame_011347.PNG
negative-active,negative-active,frame_011348.PNG
negative-active,negative-active,frame_011349.PNG
negative-active,negative-active,frame_011350.PNG
negative-deactive,negative-active,frame_011351.PNG
negative-deactive,negative-active,frame_011352.PNG
negative-deactive,negative-active,frame_011353.PNG
negative-active,negative-active,frame_011354.PNG
negative-active,negative-active,frame_011355.PNG
negative-active,negative-active,frame_011356.PNG
negative-active,negative-active,frame_011357.PNG
negative-active,negative-active,frame_011358.PNG
negative-active,negative-active,frame_011359.PNG
negative-active,negative-active,frame_011360.PNG
negative-active,negative-active,frame_011361.PNG
negative-active,negative-active,frame_011362.PNG
negative-deactive,negative-active,frame_011368.PNG
negative-deactive,negative-active,frame_011369.PNG
negative-deactive,negative-active,frame_011370.PNG
negative-deactive,negative-active,frame_011371.PNG
negative-active,negative-active,frame_011374.PNG
negative-active,negative-active,frame_011375.PNG
negative-active,negative-active,frame_011376.PNG
negative-active,negative-active,frame_011377.PNG
negative-active,negative-active,frame_011378.PNG
negative-active,negative-active,frame_011379.PNG
negative-active,negative-active,frame_011380.PNG
negative-active,negative-active,frame_011381.PNG
negative-active,negative-active,frame_011382.PNG
negative-active,negative-active,frame_011383.PNG
negative-active,negative-active,frame_011384.PNG
negative-active,negative-active,frame_011385.PNG
negative-active,negative-active,frame_011386.PNG
negative-deactive,negative-active,frame_011387.PNG
negative-deactive,negative-active,frame_011388.PNG
negative-deactive,negative-active,frame_011389.PNG
negative-deactive,negative-active,frame_011390.PNG
negative-deactive,negative-active,frame_011391.PNG
negative-deactive,negative-active,frame_011392.PNG
negative-active,negative-active,frame_011393.PNG
negative-active,negative-active,frame_011394.PNG
negative-active,negative-active,frame_011395.PNG
negative-active,negative-active,frame_011396.PNG
negative-active,negative-active,frame_011397.PNG
negative-deactive,negative-active,frame_011398.PNG
negative-deactive,negative-active,frame_011399.PNG
negative-active,negative-active,frame_011400.PNG
negative-active,negative-active,frame_011401.PNG
negative-active,negative-deactive,frame_011402.PNG
negative-active,negative-deactive,frame_011403.PNG
negative-deactive,negative-active,frame_011457.PNG
negative-deactive,negative-active,frame_011458.PNG
negative-deactive,negative-active,frame_011459.PNG
negative-deactive,negative-active,frame_011460.PNG
negative-deactive,negative-active,frame_011461.PNG
negative-deactive,negative-active,frame_011462.PNG
negative-deactive,negative-active,frame_011463.PNG
negative-deactive,negative-active,frame_011464.PNG
negative-active,negative-active,frame_011465.PNG
negative-active,negative-active,frame_011466.PNG
negative-active,negative-active,frame_011467.PNG
negative-active,negative-active,frame_011468.PNG
negative-active,negative-active,frame_011469.PNG
negative-active,negative-active,frame_011470.PNG
negative-active,negative-active,frame_011471.PNG
negative-active,negative-active,frame_011472.PNG
negative-deactive,negative-active,frame_011473.PNG
negative-deactive,negative-active,frame_011474.PNG
neutral,negative-active,frame_011475.PNG
neutral,negative-active,frame_011476.PNG
negative-active,negative-active,frame_011480.PNG
negative-active,negative-active,frame_011481.PNG
negative-active,negative-active,frame_011482.PNG
negative-deactive,negative-active,frame_011490.PNG
negative-deactive,negative-active,frame_011491.PNG
negative-deactive,negative-active,frame_011492.PNG
negative-active,negative-active,frame_011493.PNG
negative-active,negative-active,frame_011494.PNG
negative-active,negative-active,frame_011495.PNG
negative-active,negative-active,frame_011496.PNG
negative-active,negative-active,frame_011497.PNG
negative-active,negative-active,frame_011498.PNG
negative-active,negative-active,frame_011499.PNG
positive-active,negative-active,frame_011500.PNG
positive-active,negative-active,frame_011501.PNG
negative-active,negative-active,frame_011502.PNG
negative-active,negative-active,frame_011503.PNG
negative-active,negative-active,frame_011504.PNG
negative-active,negative-active,frame_011505.PNG
negative-active,negative-active,frame_011506.PNG
negative-active,negative-active,frame_011507.PNG
negative-active,negative-active,frame_011508.PNG
negative-active,negative-active,frame_011509.PNG
negative-active,negative-active,frame_011510.PNG
negative-active,negative-active,frame_011511.PNG
negative-active,negative-active,frame_011512.PNG
negative-deactive,negative-active,frame_011513.PNG
negative-deactive,negative-active,frame_011514.PNG
negative-deactive,negative-active,frame_011515.PNG
negative-deactive,negative-active,frame_011516.PNG
negative-deactive,negative-active,frame_011517.PNG
negative-deactive,negative-active,frame_011518.PNG
negative-active,negative-active,frame_011519.PNG
negative-active,negative-active,frame_011520.PNG
negative-active,negative-active,frame_011521.PNG
negative-active,negative-active,frame_011522.PNG
negative-deactive,negative-active,frame_011523.PNG
negative-deactive,negative-active,frame_011524.PNG
negative-deactive,negative-active,frame_011525.PNG
negative-deactive,negative-active,frame_011526.PNG
negative-deactive,negative-active,frame_011527.PNG
negative-deactive,negative-active,frame_011528.PNG
negative-deactive,negative-active,frame_011529.PNG
negative-active,negative-active,frame_011530.PNG
negative-active,negative-active,frame_011531.PNG
negative-active,negative-active,frame_011532.PNG
negative-active,negative-active,frame_011533.PNG
negative-active,negative-active,frame_011534.PNG
negative-active,negative-active,frame_011535.PNG
negative-active,negative-active,frame_011536.PNG
negative-active,negative-active,frame_011537.PNG
negative-active,negative-active,frame_011538.PNG
negative-active,negative-active,frame_011539.PNG
negative-active,negative-active,frame_011540.PNG
negative-active,negative-active,frame_011541.PNG
negative-active,negative-active,frame_011542.PNG
negative-active,negative-active,frame_011543.PNG
negative-active,negative-active,frame_011544.PNG
negative-deactive,negative-active,frame_011550.PNG
negative-active,negative-active,frame_011551.PNG
negative-active,negative-active,frame_011552.PNG
negative-active,negative-active,frame_011553.PNG
negative-active,negative-active,frame_011554.PNG
negative-active,negative-active,frame_011555.PNG
negative-active,negative-active,frame_011556.PNG
negative-active,negative-active,frame_011557.PNG
negative-active,negative-active,frame_011558.PNG
negative-active,negative-active,frame_011559.PNG
negative-active,negative-active,frame_011560.PNG
negative-active,negative-active,frame_011561.PNG
negative-active,negative-active,frame_011562.PNG
negative-active,negative-active,frame_011563.PNG
negative-active,negative-active,frame_011564.PNG
negative-active,negative-active,frame_011565.PNG
negative-active,negative-active,frame_011566.PNG
negative-active,negative-active,frame_011567.PNG
negative-active,negative-active,frame_011568.PNG
negative-active,negative-active,frame_011569.PNG
negative-active,negative-active,frame_011570.PNG
negative-active,negative-active,frame_011571.PNG
negative-active,negative-active,frame_011572.PNG
negative-active,negative-active,frame_011573.PNG
negative-active,negative-active,frame_011574.PNG
negative-active,negative-active,frame_011575.PNG
negative-active,negative-active,frame_011576.PNG
negative-active,negative-active,frame_011577.PNG
negative-active,negative-active,frame_011578.PNG
negative-active,negative-active,frame_011579.PNG
negative-active,negative-active,frame_011580.PNG
negative-active,negative-active,frame_011581.PNG
negative-active,negative-active,frame_011582.PNG
negative-active,negative-active,frame_011583.PNG
negative-active,negative-active,frame_011584.PNG
negative-active,negative-active,frame_011585.PNG
negative-active,negative-active,frame_011586.PNG
negative-active,negative-active,frame_011587.PNG
negative-active,negative-active,frame_011588.PNG
negative-active,negative-active,frame_011589.PNG
negative-deactive,negative-active,frame_011590.PNG
negative-deactive,negative-active,frame_011591.PNG
negative-deactive,negative-active,frame_011592.PNG
negative-deactive,negative-active,frame_011593.PNG
negative-deactive,negative-active,frame_011594.PNG
negative-deactive,negative-active,frame_011595.PNG
negative-deactive,negative-active,frame_011596.PNG
negative-deactive,negative-active,frame_011597.PNG
negative-deactive,negative-active,frame_011598.PNG
negative-deactive,negative-active,frame_011599.PNG
negative-deactive,negative-active,frame_011600.PNG
negative-deactive,negative-active,frame_011601.PNG
negative-deactive,negative-active,frame_011602.PNG
negative-deactive,negative-active,frame_011603.PNG
negative-deactive,negative-active,frame_011604.PNG
negative-deactive,negative-active,frame_011605.PNG
negative-deactive,negative-active,frame_011606.PNG
negative-deactive,negative-active,frame_011607.PNG
negative-deactive,negative-active,frame_011608.PNG
negative-deactive,negative-active,frame_011609.PNG
negative-deactive,negative-active,frame_011610.PNG
negative-deactive,positive-active,frame_011611.PNG
negative-deactive,positive-active,frame_011612.PNG
negative-deactive,positive-active,frame_011613.PNG
negative-deactive,positive-active,frame_011614.PNG
negative-deactive,positive-active,frame_011615.PNG
negative-deactive,positive-active,frame_011616.PNG
negative-deactive,positive-active,frame_011617.PNG
negative-deactive,positive-active,frame_011618.PNG
negative-deactive,positive-active,frame_011619.PNG
negative-deactive,positive-active,frame_011620.PNG
negative-deactive,positive-active,frame_011621.PNG
negative-deactive,positive-active,frame_011622.PNG
negative-deactive,positive-active,frame_011623.PNG
negative-deactive,positive-active,frame_011624.PNG
negative-deactive,positive-active,frame_011625.PNG
negative-deactive,positive-active,frame_011628.PNG
negative-deactive,positive-active,frame_011629.PNG
negative-deactive,positive-active,frame_011630.PNG
positive-active,positive-active,frame_011631.PNG
positive-active,positive-active,frame_011632.PNG
negative-deactive,positive-active,frame_011633.PNG
negative-deactive,positive-active,frame_011634.PNG
negative-deactive,positive-active,frame_011635.PNG
negative-deactive,positive-active,frame_011636.PNG
negative-deactive,positive-active,frame_011637.PNG
negative-deactive,positive-active,frame_011638.PNG
negative-deactive,positive-active,frame_011639.PNG
negative-deactive,positive-active,frame_011640.PNG
negative-deactive,positive-active,frame_011641.PNG
negative-deactive,positive-active,frame_011642.PNG
negative-deactive,positive-active,frame_011643.PNG
negative-deactive,positive-active,frame_011644.PNG
negative-deactive,positive-active,frame_011645.PNG
negative-deactive,positive-active,frame_011646.PNG
negative-deactive,positive-active,frame_011647.PNG
negative-deactive,positive-active,frame_011648.PNG
negative-deactive,positive-active,frame_011649.PNG
negative-deactive,positive-active,frame_011650.PNG
negative-deactive,positive-active,frame_011651.PNG
positive-active,positive-active,frame_011652.PNG
positive-active,positive-active,frame_011653.PNG
positive-active,positive-active,frame_011654.PNG
positive-active,positive-active,frame_011655.PNG
positive-active,positive-active,frame_011656.PNG
positive-active,positive-active,frame_011657.PNG
positive-active,positive-active,frame_011658.PNG
positive-active,positive-active,frame_011659.PNG
positive-active,positive-active,frame_011660.PNG
positive-active,positive-active,frame_011661.PNG
positive-active,positive-active,frame_011662.PNG
positive-active,positive-active,frame_011663.PNG
positive-active,positive-active,frame_011664.PNG
positive-active,positive-active,frame_011665.PNG
positive-active,positive-active,frame_011666.PNG
positive-active,positive-active,frame_011667.PNG
positive-active,positive-active,frame_011668.PNG
positive-active,positive-active,frame_011669.PNG
negative-deactive,negative-deactive,frame_011670.PNG
negative-deactive,negative-deactive,frame_011671.PNG
negative-deactive,negative-deactive,frame_011672.PNG
negative-deactive,negative-deactive,frame_011673.PNG
negative-deactive,negative-deactive,frame_011680.PNG
negative-deactive,negative-deactive,frame_011681.PNG
negative-deactive,negative-deactive,frame_011693.PNG
negative-deactive,negative-deactive,frame_011694.PNG
negative-deactive,negative-deactive,frame_011695.PNG
negative-deactive,negative-deactive,frame_011696.PNG
negative-deactive,negative-deactive,frame_011697.PNG
negative-deactive,negative-deactive,frame_011698.PNG
negative-deactive,negative-deactive,frame_011699.PNG
negative-deactive,negative-deactive,frame_011700.PNG
neutral,negative-deactive,frame_011701.PNG
neutral,negative-deactive,frame_011702.PNG
neutral,negative-deactive,frame_011703.PNG
neutral,negative-deactive,frame_011704.PNG
positive-active,negative-deactive,frame_011705.PNG
positive-active,negative-deactive,frame_011706.PNG
positive-active,negative-deactive,frame_011707.PNG
positive-active,negative-active,frame_011708.PNG
positive-active,negative-active,frame_011709.PNG
negative-deactive,negative-active,frame_011710.PNG
negative-deactive,negative-active,frame_011711.PNG
negative-deactive,negative-active,frame_011712.PNG
negative-deactive,negative-active,frame_011713.PNG
negative-deactive,negative-active,frame_011714.PNG
negative-deactive,negative-active,frame_011715.PNG
negative-active,negative-active,frame_011716.PNG
negative-active,negative-active,frame_011717.PNG
negative-deactive,negative-active,frame_011718.PNG
negative-deactive,negative-active,frame_011719.PNG
negative-deactive,negative-active,frame_011720.PNG
negative-deactive,negative-active,frame_011721.PNG
negative-deactive,negative-active,frame_011722.PNG
negative-deactive,negative-active,frame_011723.PNG
negative-deactive,negative-active,frame_011724.PNG
negative-deactive,negative-active,frame_011725.PNG
negative-deactive,negative-active,frame_011726.PNG
negative-deactive,negative-active,frame_011727.PNG
negative-deactive,negative-active,frame_011728.PNG
negative-deactive,negative-active,frame_011729.PNG
negative-deactive,negative-active,frame_011730.PNG
negative-deactive,negative-active,frame_011731.PNG
negative-deactive,negative-active,frame_011732.PNG
positive-active,negative-active,frame_011733.PNG
negative-deactive,negative-deactive,frame_011754.PNG
negative-deactive,negative-deactive,frame_011755.PNG
negative-deactive,negative-deactive,frame_011756.PNG
neutral,negative-deactive,frame_011757.PNG
neutral,negative-deactive,frame_011758.PNG
positive-deactive,negative-deactive,frame_011759.PNG
positive-deactive,negative-deactive,frame_011760.PNG
positive-deactive,negative-deactive,frame_011761.PNG
positive-deactive,negative-deactive,frame_011762.PNG
negative-deactive,negative-deactive,frame_011763.PNG
negative-deactive,negative-deactive,frame_011764.PNG
negative-deactive,negative-deactive,frame_011765.PNG
negative-deactive,negative-deactive,frame_011766.PNG
negative-deactive,negative-deactive,frame_011767.PNG
negative-deactive,negative-deactive,frame_011768.PNG
negative-deactive,negative-deactive,frame_011769.PNG
negative-deactive,negative-active,frame_011770.PNG
negative-deactive,negative-active,frame_011771.PNG
negative-deactive,negative-active,frame_011772.PNG
negative-deactive,negative-active,frame_011773.PNG
negative-deactive,negative-active,frame_011774.PNG
negative-deactive,negative-active,frame_011775.PNG
negative-deactive,negative-active,frame_011776.PNG
negative-deactive,negative-active,frame_011777.PNG
negative-deactive,negative-active,frame_011778.PNG
negative-deactive,negative-active,frame_011779.PNG
negative-deactive,negative-active,frame_011780.PNG
negative-deactive,negative-active,frame_011781.PNG
negative-deactive,negative-active,frame_011782.PNG
negative-active,negative-active,frame_011783.PNG
negative-active,negative-active,frame_011784.PNG
negative-active,negative-active,frame_011785.PNG
negative-active,negative-active,frame_011786.PNG
negative-active,negative-active,frame_011787.PNG
negative-deactive,negative-active,frame_011796.PNG
negative-deactive,negative-active,frame_011797.PNG
negative-deactive,negative-active,frame_011798.PNG
negative-deactive,negative-active,frame_011810.PNG
negative-deactive,negative-active,frame_011811.PNG
negative-deactive,negative-active,frame_011812.PNG
negative-deactive,negative-active,frame_011813.PNG
negative-deactive,negative-active,frame_011814.PNG
negative-deactive,negative-active,frame_011815.PNG
negative-deactive,negative-active,frame_011816.PNG
negative-deactive,negative-active,frame_011827.PNG
negative-deactive,negative-active,frame_011828.PNG
negative-deactive,negative-active,frame_011829.PNG
negative-deactive,negative-active,frame_011830.PNG
negative-deactive,negative-active,frame_011831.PNG
negative-deactive,negative-active,frame_011832.PNG
negative-deactive,negative-active,frame_011833.PNG
negative-deactive,negative-active,frame_011834.PNG
negative-deactive,negative-active,frame_011835.PNG
negative-deactive,negative-active,frame_011836.PNG
negative-deactive,negative-active,frame_011837.PNG
negative-deactive,negative-active,frame_011838.PNG
negative-deactive,negative-active,frame_011839.PNG
negative-deactive,negative-active,frame_011840.PNG
negative-deactive,negative-active,frame_011841.PNG
negative-deactive,negative-deactive,frame_011848.PNG
negative-deactive,negative-deactive,frame_011849.PNG
negative-deactive,negative-deactive,frame_011850.PNG
negative-deactive,negative-deactive,frame_011851.PNG
negative-deactive,negative-deactive,frame_011852.PNG
negative-deactive,negative-deactive,frame_011853.PNG
negative-deactive,negative-deactive,frame_011854.PNG
negative-deactive,negative-deactive,frame_011855.PNG
negative-deactive,negative-deactive,frame_011856.PNG
negative-deactive,negative-deactive,frame_011857.PNG
negative-deactive,negative-deactive,frame_011858.PNG
negative-deactive,negative-deactive,frame_011859.PNG
negative-deactive,negative-deactive,frame_011860.PNG
negative-deactive,negative-deactive,frame_011861.PNG
negative-deactive,negative-deactive,frame_011862.PNG
negative-deactive,negative-deactive,frame_011863.PNG
negative-deactive,negative-deactive,frame_011864.PNG
negative-deactive,negative-deactive,frame_011865.PNG
negative-deactive,negative-deactive,frame_011866.PNG
negative-deactive,negative-deactive,frame_011867.PNG
negative-deactive,negative-deactive,frame_011868.PNG
negative-deactive,negative-deactive,frame_011869.PNG
negative-deactive,negative-deactive,frame_011870.PNG
negative-deactive,negative-deactive,frame_011871.PNG
negative-deactive,negative-deactive,frame_011872.PNG
negative-deactive,negative-deactive,frame_011873.PNG
negative-deactive,negative-deactive,frame_011874.PNG
negative-deactive,negative-deactive,frame_011875.PNG
negative-deactive,negative-deactive,frame_011882.PNG
negative-deactive,negative-deactive,frame_011883.PNG
negative-deactive,negative-deactive,frame_011884.PNG
negative-deactive,negative-active,frame_011885.PNG
negative-deactive,negative-active,frame_011886.PNG
negative-deactive,negative-active,frame_011887.PNG
negative-active,negative-active,frame_011903.PNG
negative-active,negative-active,frame_011904.PNG
negative-active,negative-active,frame_011905.PNG
negative-active,negative-active,frame_011906.PNG
negative-active,negative-active,frame_011907.PNG
negative-active,negative-active,frame_011908.PNG
negative-active,negative-active,frame_011909.PNG
negative-active,negative-active,frame_011910.PNG
negative-active,negative-active,frame_011911.PNG
neutral,negative-active,frame_011912.PNG
neutral,negative-active,frame_011913.PNG
neutral,negative-active,frame_011921.PNG
neutral,negative-deactive,frame_011922.PNG
neutral,negative-deactive,frame_011923.PNG
positive-active,negative-deactive,frame_011924.PNG
positive-active,negative-deactive,frame_011925.PNG
positive-active,negative-active,frame_011926.PNG
positive-active,negative-active,frame_011927.PNG
positive-active,negative-active,frame_011928.PNG
positive-active,negative-active,frame_011929.PNG
positive-active,negative-active,frame_011930.PNG
positive-active,negative-active,frame_011931.PNG
positive-active,negative-active,frame_011932.PNG
positive-active,negative-active,frame_011933.PNG
positive-active,negative-active,frame_011934.PNG
positive-active,negative-active,frame_011935.PNG
positive-deactive,negative-deactive,frame_011944.PNG
positive-deactive,negative-deactive,frame_011945.PNG
negative-deactive,negative-deactive,frame_011946.PNG
negative-deactive,negative-deactive,frame_011947.PNG
negative-deactive,negative-deactive,frame_011948.PNG
negative-deactive,negative-deactive,frame_011949.PNG
negative-deactive,negative-deactive,frame_011950.PNG
negative-deactive,negative-deactive,frame_011951.PNG
negative-deactive,negative-deactive,frame_011952.PNG
negative-deactive,negative-deactive,frame_011953.PNG
negative-deactive,negative-deactive,frame_011960.PNG
negative-deactive,negative-deactive,frame_011961.PNG
negative-deactive,negative-deactive,frame_011962.PNG
negative-deactive,negative-deactive,frame_011963.PNG
negative-deactive,negative-deactive,frame_011964.PNG
negative-deactive,negative-deactive,frame_011965.PNG
negative-deactive,negative-deactive,frame_011966.PNG
negative-deactive,negative-deactive,frame_011967.PNG
negative-deactive,negative-deactive,frame_011968.PNG
negative-deactive,negative-deactive,frame_011969.PNG
negative-deactive,negative-deactive,frame_011970.PNG
negative-deactive,negative-deactive,frame_011971.PNG
negative-deactive,negative-deactive,frame_011972.PNG
positive-deactive,negative-deactive,frame_011973.PNG
positive-deactive,negative-deactive,frame_011974.PNG
positive-deactive,negative-deactive,frame_011975.PNG
positive-deactive,negative-deactive,frame_011976.PNG
positive-deactive,negative-deactive,frame_011977.PNG
positive-deactive,negative-deactive,frame_011978.PNG
positive-deactive,negative-deactive,frame_011979.PNG
positive-deactive,negative-active,frame_011980.PNG
positive-deactive,negative-active,frame_011981.PNG
positive-deactive,negative-active,frame_011982.PNG
positive-deactive,negative-active,frame_011983.PNG
positive-deactive,negative-active,frame_011984.PNG
positive-deactive,negative-active,frame_011985.PNG
positive-deactive,negative-active,frame_011986.PNG
positive-deactive,negative-active,frame_011987.PNG
positive-deactive,negative-active,frame_011988.PNG
positive-deactive,negative-active,frame_011989.PNG
positive-deactive,negative-active,frame_011990.PNG
positive-deactive,negative-active,frame_011991.PNG
positive-deactive,negative-active,frame_011992.PNG
positive-deactive,negative-active,frame_011993.PNG
positive-deactive,negative-active,frame_011994.PNG
positive-deactive,negative-active,frame_011995.PNG
positive-deactive,negative-active,frame_011996.PNG
positive-deactive,negative-active,frame_011997.PNG
positive-deactive,negative-active,frame_011998.PNG
positive-deactive,negative-active,frame_011999.PNG
positive-active,negative-active,frame_012011.PNG
positive-active,negative-active,frame_012012.PNG
positive-active,negative-active,frame_012013.PNG
positive-active,negative-active,frame_012014.PNG
positive-active,negative-active,frame_012015.PNG
positive-active,negative-active,frame_012016.PNG
positive-active,negative-active,frame_012017.PNG
positive-active,negative-active,frame_012018.PNG
positive-active,negative-active,frame_012019.PNG
positive-active,negative-active,frame_012020.PNG
positive-active,negative-active,frame_012021.PNG
positive-active,negative-active,frame_012022.PNG
positive-active,negative-active,frame_012023.PNG
positive-active,negative-active,frame_012024.PNG
positive-active,negative-active,frame_012025.PNG
positive-active,negative-active,frame_012026.PNG
positive-active,negative-active,frame_012027.PNG
positive-active,negative-active,frame_012028.PNG
positive-active,negative-active,frame_012029.PNG
positive-active,negative-active,frame_012030.PNG
positive-active,negative-active,frame_012031.PNG
positive-active,negative-active,frame_012032.PNG
positive-active,negative-active,frame_012033.PNG
positive-active,negative-active,frame_012034.PNG
positive-active,negative-active,frame_012035.PNG
positive-active,negative-active,frame_012036.PNG
positive-active,negative-active,frame_012037.PNG
positive-deactive,negative-active,frame_012038.PNG
positive-deactive,negative-active,frame_012039.PNG
positive-deactive,negative-active,frame_012040.PNG
positive-deactive,negative-active,frame_012041.PNG
positive-deactive,negative-active,frame_012042.PNG
positive-deactive,negative-deactive,frame_012043.PNG
positive-deactive,negative-deactive,frame_012044.PNG
positive-deactive,negative-deactive,frame_012045.PNG
positive-deactive,negative-deactive,frame_012046.PNG
negative-deactive,negative-active,frame_012053.PNG
negative-deactive,negative-active,frame_012054.PNG
negative-active,negative-deactive,frame_012061.PNG
negative-active,negative-deactive,frame_012062.PNG
negative-active,negative-active,frame_012063.PNG
negative-active,negative-active,frame_012064.PNG
negative-active,negative-active,frame_012065.PNG
negative-active,negative-active,frame_012066.PNG
negative-active,negative-active,frame_012067.PNG
negative-active,negative-active,frame_012068.PNG
negative-active,negative-active,frame_012069.PNG
negative-active,negative-active,frame_012070.PNG
negative-active,negative-active,frame_012071.PNG
negative-active,negative-active,frame_012072.PNG
negative-active,negative-active,frame_012073.PNG
negative-active,negative-active,frame_012074.PNG
negative-active,negative-active,frame_012075.PNG
negative-active,negative-active,frame_012076.PNG
negative-active,negative-active,frame_012077.PNG
negative-active,negative-active,frame_012078.PNG
negative-active,negative-active,frame_012079.PNG
negative-active,negative-active,frame_012080.PNG
negative-active,negative-active,frame_012081.PNG
negative-active,negative-active,frame_012082.PNG
negative-active,negative-active,frame_012083.PNG
negative-active,negative-active,frame_012084.PNG
negative-active,negative-active,frame_012085.PNG
negative-active,negative-active,frame_012086.PNG
negative-active,negative-active,frame_012087.PNG
negative-active,negative-active,frame_012088.PNG
negative-active,negative-active,frame_012089.PNG
negative-active,negative-active,frame_012090.PNG
negative-active,negative-active,frame_012091.PNG
negative-active,negative-active,frame_012092.PNG
negative-active,negative-active,frame_012093.PNG
negative-active,negative-active,frame_012094.PNG
negative-active,negative-active,frame_012095.PNG
negative-active,negative-active,frame_012096.PNG
negative-active,negative-active,frame_012097.PNG
negative-active,negative-active,frame_012098.PNG
negative-active,negative-active,frame_012109.PNG
negative-active,negative-active,frame_012110.PNG
negative-active,negative-active,frame_012111.PNG
negative-active,negative-active,frame_012112.PNG
negative-active,negative-active,frame_012113.PNG
negative-active,negative-active,frame_012114.PNG
negative-active,negative-active,frame_012115.PNG
negative-active,negative-active,frame_012116.PNG
negative-active,negative-active,frame_012117.PNG
negative-active,negative-active,frame_012118.PNG
negative-active,negative-active,frame_012119.PNG
negative-active,negative-active,frame_012120.PNG
negative-active,negative-active,frame_012121.PNG
negative-active,negative-active,frame_012122.PNG
negative-active,negative-active,frame_012123.PNG
negative-active,negative-active,frame_012124.PNG
negative-active,negative-active,frame_012125.PNG
negative-active,negative-active,frame_012126.PNG
negative-active,negative-active,frame_012127.PNG
negative-active,negative-active,frame_012128.PNG
negative-active,negative-active,frame_012129.PNG
negative-active,negative-active,frame_012130.PNG
negative-active,negative-active,frame_012131.PNG
negative-active,negative-active,frame_012132.PNG
negative-active,negative-active,frame_012133.PNG
negative-active,negative-active,frame_012134.PNG
negative-active,negative-active,frame_012135.PNG
negative-active,negative-active,frame_012136.PNG
negative-active,negative-active,frame_012137.PNG
negative-active,negative-active,frame_012138.PNG
negative-active,negative-active,frame_012139.PNG
negative-active,negative-active,frame_012140.PNG
negative-active,negative-active,frame_012141.PNG
negative-active,negative-active,frame_012142.PNG
negative-active,negative-active,frame_012143.PNG
negative-active,negative-active,frame_012144.PNG
negative-active,negative-active,frame_012145.PNG
negative-active,negative-active,frame_012146.PNG
negative-active,negative-active,frame_012147.PNG
negative-active,negative-active,frame_012148.PNG
negative-active,negative-active,frame_012149.PNG
negative-active,negative-active,frame_012150.PNG
negative-active,negative-active,frame_012151.PNG
negative-active,negative-deactive,frame_012152.PNG
negative-active,negative-deactive,frame_012153.PNG
positive-deactive,negative-deactive,frame_012160.PNG
positive-deactive,negative-deactive,frame_012161.PNG
positive-deactive,negative-deactive,frame_012162.PNG
positive-deactive,negative-deactive,frame_012163.PNG
positive-deactive,negative-deactive,frame_012164.PNG
neutral,negative-deactive,frame_012171.PNG
neutral,negative-deactive,frame_012172.PNG
neutral,negative-active,frame_012173.PNG
neutral,negative-active,frame_012174.PNG
neutral,negative-active,frame_012175.PNG
neutral,negative-active,frame_012176.PNG
neutral,negative-active,frame_012177.PNG
neutral,negative-active,frame_012178.PNG
neutral,negative-active,frame_012179.PNG
neutral,negative-active,frame_012180.PNG
neutral,negative-active,frame_012181.PNG
neutral,negative-active,frame_012182.PNG
neutral,negative-active,frame_012183.PNG
negative-deactive,negative-active,frame_012184.PNG
negative-deactive,negative-active,frame_012185.PNG
negative-deactive,negative-active,frame_012186.PNG
negative-deactive,negative-active,frame_012187.PNG
negative-deactive,negative-active,frame_012188.PNG
negative-deactive,negative-active,frame_012189.PNG
negative-deactive,negative-active,frame_012190.PNG
negative-deactive,negative-active,frame_012191.PNG
negative-deactive,negative-active,frame_012192.PNG
negative-deactive,negative-active,frame_012193.PNG
negative-deactive,negative-active,frame_012194.PNG
negative-deactive,negative-active,frame_012195.PNG
negative-deactive,negative-active,frame_012196.PNG
negative-deactive,negative-active,frame_012200.PNG
negative-deactive,negative-active,frame_012201.PNG
negative-deactive,negative-active,frame_012202.PNG
negative-deactive,negative-active,frame_012203.PNG
negative-deactive,negative-active,frame_012204.PNG
negative-deactive,negative-active,frame_012205.PNG
negative-deactive,negative-active,frame_012206.PNG
negative-deactive,negative-active,frame_012207.PNG
negative-deactive,negative-active,frame_012208.PNG
negative-deactive,negative-active,frame_012215.PNG
neutral,negative-active,frame_012216.PNG
neutral,negative-active,frame_012217.PNG
neutral,negative-active,frame_012218.PNG
neutral,negative-active,frame_012219.PNG
neutral,negative-active,frame_012220.PNG
neutral,negative-active,frame_012221.PNG
positive-deactive,negative-active,frame_012222.PNG
positive-deactive,negative-active,frame_012223.PNG
positive-deactive,negative-active,frame_012224.PNG
positive-deactive,negative-active,frame_012225.PNG
positive-deactive,negative-active,frame_012226.PNG
positive-deactive,negative-active,frame_012227.PNG
positive-deactive,negative-active,frame_012228.PNG
positive-deactive,negative-active,frame_012229.PNG
positive-deactive,negative-active,frame_012230.PNG
negative-deactive,negative-active,frame_012240.PNG
negative-deactive,negative-active,frame_012241.PNG
negative-deactive,negative-active,frame_012242.PNG
negative-deactive,negative-active,frame_012243.PNG
negative-deactive,negative-active,frame_012244.PNG
negative-deactive,negative-active,frame_012245.PNG
negative-deactive,negative-active,frame_012246.PNG
negative-deactive,negative-active,frame_012247.PNG
negative-deactive,negative-active,frame_012248.PNG
negative-deactive,negative-active,frame_012249.PNG
negative-deactive,negative-active,frame_012250.PNG
negative-deactive,negative-active,frame_012251.PNG
negative-deactive,negative-active,frame_012252.PNG
negative-deactive,negative-active,frame_012253.PNG
negative-deactive,negative-active,frame_012254.PNG
negative-deactive,negative-active,frame_012255.PNG
negative-deactive,negative-active,frame_012256.PNG
negative-deactive,negative-active,frame_012257.PNG
negative-deactive,negative-active,frame_012258.PNG
negative-deactive,negative-active,frame_012259.PNG
negative-deactive,negative-active,frame_012260.PNG
negative-deactive,negative-active,frame_012261.PNG
negative-deactive,negative-active,frame_012262.PNG
neutral,negative-active,frame_012268.PNG
negative-deactive,negative-active,frame_012269.PNG
negative-deactive,negative-active,frame_012270.PNG
negative-deactive,negative-active,frame_012271.PNG
negative-deactive,negative-active,frame_012272.PNG
negative-deactive,negative-active,frame_012273.PNG
negative-deactive,negative-active,frame_012274.PNG
negative-deactive,negative-active,frame_012275.PNG
negative-deactive,negative-active,frame_012276.PNG
negative-deactive,negative-active,frame_012277.PNG
negative-deactive,negative-active,frame_012278.PNG
negative-deactive,negative-active,frame_012279.PNG
negative-deactive,negative-active,frame_012280.PNG
negative-deactive,negative-active,frame_012281.PNG
negative-deactive,negative-active,frame_012282.PNG
negative-deactive,negative-active,frame_012283.PNG
negative-deactive,negative-active,frame_012284.PNG
negative-deactive,negative-active,frame_012285.PNG
negative-deactive,negative-active,frame_012286.PNG
negative-deactive,negative-active,frame_012287.PNG
negative-deactive,negative-active,frame_012288.PNG
negative-deactive,negative-active,frame_012289.PNG
negative-deactive,negative-active,frame_012290.PNG
negative-deactive,negative-active,frame_012291.PNG
negative-deactive,negative-active,frame_012292.PNG
negative-deactive,negative-active,frame_012293.PNG
negative-deactive,negative-active,frame_012294.PNG
negative-deactive,negative-active,frame_012295.PNG
negative-deactive,negative-active,frame_012296.PNG
negative-deactive,negative-active,frame_012297.PNG
negative-deactive,negative-active,frame_012298.PNG
negative-deactive,negative-active,frame_012299.PNG
negative-deactive,negative-active,frame_012300.PNG
negative-deactive,negative-active,frame_012301.PNG
negative-deactive,negative-active,frame_012302.PNG
negative-deactive,negative-active,frame_012303.PNG
negative-deactive,negative-active,frame_012304.PNG
negative-deactive,negative-active,frame_012305.PNG
negative-deactive,negative-active,frame_012306.PNG
negative-deactive,negative-active,frame_012307.PNG
negative-deactive,negative-active,frame_012308.PNG
negative-deactive,negative-active,frame_012309.PNG
negative-deactive,negative-active,frame_012310.PNG
negative-deactive,negative-active,frame_012311.PNG
negative-deactive,negative-active,frame_012312.PNG
negative-deactive,negative-active,frame_012313.PNG
negative-deactive,negative-active,frame_012314.PNG
negative-deactive,negative-active,frame_012315.PNG
negative-deactive,negative-active,frame_012316.PNG
negative-deactive,negative-deactive,frame_012322.PNG
negative-deactive,negative-deactive,frame_012323.PNG
negative-deactive,negative-deactive,frame_012324.PNG
negative-deactive,negative-deactive,frame_012325.PNG
negative-deactive,negative-deactive,frame_012326.PNG
negative-deactive,negative-deactive,frame_012327.PNG
negative-deactive,negative-deactive,frame_012328.PNG
negative-deactive,negative-deactive,frame_012329.PNG
negative-deactive,negative-deactive,frame_012330.PNG
negative-deactive,negative-deactive,frame_012331.PNG
negative-deactive,negative-deactive,frame_012332.PNG
negative-deactive,negative-deactive,frame_012333.PNG
negative-deactive,negative-deactive,frame_012334.PNG
negative-deactive,negative-deactive,frame_012335.PNG
negative-deactive,negative-deactive,frame_012342.PNG
negative-deactive,negative-deactive,frame_012343.PNG
negative-deactive,negative-deactive,frame_012344.PNG
negative-deactive,negative-deactive,frame_012345.PNG
negative-deactive,negative-deactive,frame_012346.PNG
negative-deactive,negative-deactive,frame_012347.PNG
negative-deactive,negative-deactive,frame_012348.PNG
negative-deactive,negative-deactive,frame_012349.PNG
negative-deactive,negative-deactive,frame_012350.PNG
negative-deactive,negative-deactive,frame_012351.PNG
negative-deactive,negative-deactive,frame_012352.PNG
negative-deactive,negative-deactive,frame_012353.PNG
negative-deactive,negative-deactive,frame_012354.PNG
negative-deactive,negative-deactive,frame_012355.PNG
negative-deactive,negative-deactive,frame_012363.PNG
negative-deactive,negative-deactive,frame_012364.PNG
negative-deactive,negative-deactive,frame_012365.PNG
neutral,negative-deactive,frame_012366.PNG
neutral,negative-deactive,frame_012367.PNG
neutral,negative-deactive,frame_012368.PNG
neutral,negative-deactive,frame_012369.PNG
neutral,negative-active,frame_012370.PNG
neutral,negative-active,frame_012371.PNG
neutral,negative-active,frame_012372.PNG
neutral,negative-active,frame_012373.PNG
neutral,negative-active,frame_012374.PNG
neutral,negative-active,frame_012375.PNG
neutral,negative-active,frame_012376.PNG
neutral,negative-active,frame_012377.PNG
neutral,negative-active,frame_012378.PNG
neutral,negative-active,frame_012379.PNG
neutral,negative-active,frame_012380.PNG
neutral,negative-active,frame_012381.PNG
neutral,negative-active,frame_012382.PNG
neutral,negative-active,frame_012383.PNG
neutral,negative-active,frame_012384.PNG
neutral,negative-active,frame_012385.PNG
neutral,negative-active,frame_012386.PNG
negative-deactive,negative-active,frame_012393.PNG
negative-deactive,negative-active,frame_012394.PNG
negative-deactive,negative-active,frame_012395.PNG
negative-deactive,negative-active,frame_012396.PNG
negative-deactive,negative-active,frame_012397.PNG
negative-deactive,negative-deactive,frame_012398.PNG
negative-deactive,negative-deactive,frame_012399.PNG
negative-deactive,negative-deactive,frame_012400.PNG
neutral,negative-deactive,frame_012401.PNG
neutral,negative-deactive,frame_012402.PNG
neutral,negative-deactive,frame_012403.PNG
neutral,negative-deactive,frame_012404.PNG
neutral,negative-deactive,frame_012405.PNG
neutral,negative-deactive,frame_012406.PNG
neutral,negative-deactive,frame_012407.PNG
neutral,negative-deactive,frame_012408.PNG
neutral,negative-deactive,frame_012409.PNG
neutral,negative-deactive,frame_012410.PNG
neutral,negative-deactive,frame_012411.PNG
neutral,negative-deactive,frame_012412.PNG
neutral,negative-deactive,frame_012413.PNG
neutral,negative-deactive,frame_012414.PNG
neutral,negative-deactive,frame_012415.PNG
neutral,negative-deactive,frame_012416.PNG
neutral,negative-deactive,frame_012417.PNG
neutral,negative-deactive,frame_012418.PNG
neutral,negative-deactive,frame_012419.PNG
neutral,negative-deactive,frame_012420.PNG
neutral,negative-deactive,frame_012421.PNG
neutral,negative-deactive,frame_012422.PNG
neutral,negative-deactive,frame_012423.PNG
neutral,negative-deactive,frame_012424.PNG
neutral,negative-deactive,frame_012425.PNG
neutral,negative-deactive,frame_012426.PNG
neutral,negative-deactive,frame_012427.PNG
neutral,negative-deactive,frame_012428.PNG
neutral,negative-deactive,frame_012429.PNG
neutral,negative-deactive,frame_012430.PNG
neutral,negative-deactive,frame_012431.PNG
neutral,negative-deactive,frame_012432.PNG
neutral,negative-deactive,frame_012433.PNG
neutral,negative-deactive,frame_012434.PNG
neutral,negative-deactive,frame_012435.PNG
negative-deactive,negative-active,frame_012443.PNG
negative-deactive,negative-active,frame_012444.PNG
negative-deactive,negative-active,frame_012445.PNG
negative-deactive,negative-active,frame_012446.PNG
negative-deactive,negative-active,frame_012447.PNG
negative-deactive,negative-active,frame_012448.PNG
negative-deactive,negative-active,frame_012449.PNG
negative-deactive,negative-active,frame_012450.PNG
negative-deactive,negative-active,frame_012451.PNG
neutral,negative-active,frame_012452.PNG
neutral,negative-active,frame_012453.PNG
neutral,negative-active,frame_012454.PNG
neutral,negative-deactive,frame_012455.PNG
neutral,negative-deactive,frame_012456.PNG
neutral,negative-deactive,frame_012457.PNG
neutral,negative-deactive,frame_012458.PNG
neutral,negative-deactive,frame_012459.PNG
neutral,negative-deactive,frame_012460.PNG
negative-deactive,negative-active,frame_012471.PNG
negative-deactive,negative-active,frame_012472.PNG
negative-deactive,negative-active,frame_012473.PNG
negative-deactive,negative-active,frame_012474.PNG
negative-deactive,negative-active,frame_012475.PNG
negative-deactive,negative-active,frame_012476.PNG
negative-deactive,negative-active,frame_012477.PNG
negative-deactive,negative-active,frame_012478.PNG
negative-deactive,negative-active,frame_012479.PNG
negative-deactive,negative-active,frame_012480.PNG
negative-deactive,negative-active,frame_012481.PNG
negative-deactive,negative-active,frame_012482.PNG
negative-deactive,negative-active,frame_012483.PNG
negative-deactive,negative-active,frame_012484.PNG
negative-deactive,negative-active,frame_012485.PNG
negative-deactive,negative-active,frame_012486.PNG
negative-deactive,negative-active,frame_012487.PNG
negative-deactive,negative-active,frame_012488.PNG
negative-deactive,negative-active,frame_012489.PNG
negative-deactive,negative-active,frame_012490.PNG
negative-deactive,negative-active,frame_012491.PNG
negative-deactive,negative-active,frame_012492.PNG
negative-deactive,negative-active,frame_012493.PNG
negative-deactive,negative-deactive,frame_012502.PNG
negative-active,negative-active,frame_012507.PNG
negative-active,negative-active,frame_012508.PNG
negative-active,negative-active,frame_012509.PNG
negative-active,negative-active,frame_012510.PNG
negative-active,negative-active,frame_012511.PNG
negative-active,negative-active,frame_012512.PNG
negative-active,negative-active,frame_012513.PNG
negative-active,negative-active,frame_012514.PNG
negative-active,negative-active,frame_012515.PNG
negative-active,negative-active,frame_012516.PNG
negative-active,negative-active,frame_012517.PNG
negative-active,negative-active,frame_012518.PNG
negative-active,negative-active,frame_012519.PNG
negative-active,negative-active,frame_012520.PNG
negative-active,negative-active,frame_012521.PNG
negative-deactive,negative-active,frame_012522.PNG
negative-deactive,negative-active,frame_012523.PNG
negative-deactive,negative-deactive,frame_012532.PNG
negative-deactive,negative-deactive,frame_012533.PNG
negative-active,negative-deactive,frame_012541.PNG
negative-active,negative-deactive,frame_012542.PNG
negative-active,negative-deactive,frame_012543.PNG
negative-active,negative-deactive,frame_012544.PNG
negative-active,negative-deactive,frame_012545.PNG
negative-active,negative-active,frame_012546.PNG
negative-active,negative-active,frame_012547.PNG
negative-active,negative-active,frame_012548.PNG
negative-active,negative-active,frame_012549.PNG
negative-active,negative-deactive,frame_012555.PNG
negative-active,negative-deactive,frame_012556.PNG
negative-active,negative-deactive,frame_012557.PNG
negative-active,negative-deactive,frame_012558.PNG
negative-active,negative-deactive,frame_012559.PNG
negative-active,negative-deactive,frame_012560.PNG
negative-active,negative-deactive,frame_012561.PNG
negative-active,negative-deactive,frame_012568.PNG
negative-active,negative-deactive,frame_012569.PNG
negative-active,negative-deactive,frame_012570.PNG
negative-active,negative-active,frame_012571.PNG
negative-active,negative-active,frame_012572.PNG
negative-active,negative-active,frame_012573.PNG
negative-active,negative-active,frame_012574.PNG
negative-active,negative-active,frame_012575.PNG
negative-active,negative-active,frame_012576.PNG
negative-active,negative-active,frame_012577.PNG
negative-active,negative-active,frame_012578.PNG
negative-active,negative-active,frame_012579.PNG
negative-active,negative-active,frame_012580.PNG
negative-active,negative-active,frame_012581.PNG
negative-active,negative-active,frame_012582.PNG
negative-active,negative-active,frame_012583.PNG
negative-active,negative-active,frame_012584.PNG
negative-active,negative-active,frame_012585.PNG
negative-active,negative-active,frame_012586.PNG
negative-active,negative-active,frame_012587.PNG
negative-active,negative-active,frame_012588.PNG
negative-active,negative-active,frame_012589.PNG
negative-active,negative-active,frame_012590.PNG
negative-active,negative-deactive,frame_012600.PNG
negative-active,negative-deactive,frame_012601.PNG
negative-active,negative-deactive,frame_012602.PNG
negative-active,negative-deactive,frame_012603.PNG
negative-active,negative-deactive,frame_012604.PNG
negative-active,negative-deactive,frame_012605.PNG
negative-active,negative-deactive,frame_012606.PNG
negative-active,negative-deactive,frame_012607.PNG
negative-active,negative-active,frame_012608.PNG
negative-active,negative-active,frame_012609.PNG
negative-active,negative-active,frame_012610.PNG
negative-active,negative-active,frame_012611.PNG
negative-active,negative-active,frame_012612.PNG
negative-active,negative-active,frame_012613.PNG
negative-active,negative-active,frame_012614.PNG
negative-active,negative-active,frame_012615.PNG
negative-active,negative-active,frame_012616.PNG
negative-deactive,negative-active,frame_012617.PNG
negative-deactive,negative-active,frame_012618.PNG
negative-deactive,negative-active,frame_012619.PNG
negative-deactive,negative-active,frame_012620.PNG
negative-deactive,negative-active,frame_012621.PNG
negative-deactive,negative-active,frame_012622.PNG
negative-deactive,negative-active,frame_012623.PNG
negative-deactive,negative-active,frame_012624.PNG
negative-deactive,negative-active,frame_012625.PNG
negative-deactive,negative-active,frame_012626.PNG
negative-deactive,negative-active,frame_012627.PNG
negative-deactive,negative-active,frame_012628.PNG
negative-deactive,negative-active,frame_012629.PNG
negative-deactive,negative-active,frame_012630.PNG
negative-deactive,negative-active,frame_012631.PNG
negative-active,negative-deactive,frame_012638.PNG
negative-active,negative-deactive,frame_012639.PNG
negative-active,negative-deactive,frame_012640.PNG
negative-active,negative-deactive,frame_012641.PNG
negative-active,negative-deactive,frame_012642.PNG
negative-active,negative-deactive,frame_012643.PNG
negative-active,negative-deactive,frame_012644.PNG
negative-active,negative-deactive,frame_012645.PNG
negative-active,negative-deactive,frame_012646.PNG
negative-active,negative-active,frame_012647.PNG
negative-active,negative-active,frame_012648.PNG
negative-active,negative-active,frame_012649.PNG
negative-active,negative-active,frame_012650.PNG
negative-active,negative-active,frame_012651.PNG
negative-active,negative-active,frame_012652.PNG
negative-active,negative-active,frame_012653.PNG
negative-active,negative-active,frame_012654.PNG
negative-active,negative-active,frame_012655.PNG
negative-active,negative-active,frame_012656.PNG
negative-active,negative-active,frame_012657.PNG
negative-active,negative-active,frame_012658.PNG
negative-active,negative-active,frame_012659.PNG
negative-active,negative-active,frame_012660.PNG
negative-active,negative-active,frame_012661.PNG
negative-active,negative-active,frame_012662.PNG
negative-active,negative-active,frame_012663.PNG
negative-active,negative-active,frame_012664.PNG
negative-active,negative-active,frame_012665.PNG
negative-active,negative-active,frame_012666.PNG
negative-active,negative-active,frame_012667.PNG
negative-active,negative-active,frame_012668.PNG
negative-active,negative-active,frame_012669.PNG
negative-active,negative-active,frame_012670.PNG
negative-active,negative-active,frame_012671.PNG
negative-active,negative-active,frame_012672.PNG
negative-active,negative-active,frame_012673.PNG
negative-active,negative-active,frame_012674.PNG
negative-active,negative-active,frame_012675.PNG
negative-active,negative-active,frame_012676.PNG
negative-active,negative-active,frame_012677.PNG
negative-active,negative-active,frame_012678.PNG
negative-active,negative-active,frame_012679.PNG
negative-active,negative-active,frame_012680.PNG
negative-active,negative-active,frame_012681.PNG
negative-active,negative-active,frame_012682.PNG
negative-active,negative-active,frame_012683.PNG
negative-active,negative-active,frame_012684.PNG
negative-active,negative-active,frame_012685.PNG
negative-active,negative-active,frame_012686.PNG
negative-active,negative-active,frame_012687.PNG
negative-active,negative-active,frame_012688.PNG
negative-active,negative-active,frame_012689.PNG
negative-active,negative-active,frame_012690.PNG
negative-active,negative-active,frame_012691.PNG
negative-active,negative-active,frame_012692.PNG
negative-active,negative-active,frame_012693.PNG
negative-active,negative-active,frame_012694.PNG
negative-active,negative-active,frame_012695.PNG
negative-deactive,negative-active,frame_012700.PNG
negative-deactive,negative-active,frame_012701.PNG
negative-deactive,negative-active,frame_012702.PNG
negative-deactive,negative-active,frame_012703.PNG
negative-deactive,negative-active,frame_012704.PNG
negative-deactive,negative-active,frame_012705.PNG
negative-active,negative-active,frame_012712.PNG
negative-active,negative-active,frame_012713.PNG
negative-active,negative-active,frame_012714.PNG
negative-active,negative-active,frame_012715.PNG
negative-active,negative-active,frame_012716.PNG
negative-active,negative-active,frame_012717.PNG
negative-active,negative-active,frame_012718.PNG
negative-active,negative-active,frame_012719.PNG
negative-active,negative-active,frame_012720.PNG
negative-active,negative-active,frame_012721.PNG
negative-active,negative-active,frame_012722.PNG
negative-active,negative-active,frame_012723.PNG
negative-active,negative-active,frame_012724.PNG
negative-active,negative-active,frame_012725.PNG
negative-active,negative-active,frame_012726.PNG
negative-active,negative-active,frame_012727.PNG
negative-active,negative-active,frame_012728.PNG
negative-active,negative-active,frame_012729.PNG
negative-active,negative-active,frame_012730.PNG
negative-active,negative-active,frame_012731.PNG
negative-active,negative-active,frame_012732.PNG
negative-active,negative-active,frame_012733.PNG
negative-active,negative-active,frame_012734.PNG
negative-active,negative-active,frame_012735.PNG
negative-active,negative-active,frame_012736.PNG
negative-active,negative-active,frame_012737.PNG
negative-active,negative-active,frame_012738.PNG
negative-active,negative-active,frame_012739.PNG
negative-active,negative-active,frame_012740.PNG
negative-active,negative-active,frame_012741.PNG
negative-active,negative-active,frame_012742.PNG
negative-active,negative-active,frame_012743.PNG
negative-active,negative-active,frame_012744.PNG
negative-active,negative-active,frame_012745.PNG
negative-active,negative-active,frame_012746.PNG
negative-active,negative-active,frame_012747.PNG
negative-active,negative-active,frame_012748.PNG
negative-active,negative-active,frame_012749.PNG
negative-active,negative-active,frame_012750.PNG
negative-active,negative-active,frame_012751.PNG
negative-deactive,negative-deactive,frame_012759.PNG
negative-deactive,negative-active,frame_012760.PNG
negative-deactive,negative-active,frame_012761.PNG
negative-deactive,negative-active,frame_012762.PNG
negative-deactive,negative-active,frame_012763.PNG
negative-deactive,negative-active,frame_012764.PNG
negative-deactive,negative-active,frame_012765.PNG
negative-deactive,negative-active,frame_012766.PNG
negative-deactive,negative-active,frame_012767.PNG
negative-deactive,negative-active,frame_012768.PNG
negative-deactive,negative-active,frame_012769.PNG
negative-deactive,negative-active,frame_012770.PNG
negative-deactive,negative-active,frame_012771.PNG
negative-deactive,negative-active,frame_012772.PNG
negative-deactive,negative-active,frame_012773.PNG
negative-deactive,negative-active,frame_012774.PNG
negative-deactive,negative-active,frame_012775.PNG
negative-deactive,negative-active,frame_012776.PNG
negative-deactive,negative-active,frame_012777.PNG
negative-deactive,negative-active,frame_012778.PNG
negative-deactive,negative-active,frame_012779.PNG
negative-deactive,negative-active,frame_012780.PNG
negative-deactive,negative-active,frame_012781.PNG
negative-deactive,negative-active,frame_012782.PNG
negative-deactive,negative-active,frame_012783.PNG
negative-deactive,negative-active,frame_012784.PNG
negative-deactive,negative-active,frame_012785.PNG
negative-deactive,negative-active,frame_012786.PNG
negative-deactive,negative-active,frame_012787.PNG
negative-deactive,negative-active,frame_012788.PNG
negative-deactive,negative-active,frame_012789.PNG
negative-deactive,negative-deactive,frame_012795.PNG
negative-deactive,negative-deactive,frame_012796.PNG
negative-deactive,negative-deactive,frame_012797.PNG
negative-deactive,negative-deactive,frame_012798.PNG
negative-deactive,negative-deactive,frame_012799.PNG
negative-deactive,negative-deactive,frame_012800.PNG
negative-deactive,negative-deactive,frame_012801.PNG
negative-deactive,negative-active,frame_012802.PNG
negative-deactive,negative-active,frame_012803.PNG
negative-deactive,negative-active,frame_012804.PNG
negative-deactive,negative-active,frame_012805.PNG
negative-deactive,negative-active,frame_012806.PNG
negative-deactive,negative-active,frame_012814.PNG
negative-deactive,negative-active,frame_012815.PNG
negative-deactive,negative-active,frame_012816.PNG
negative-deactive,negative-active,frame_012817.PNG
negative-deactive,negative-active,frame_012818.PNG
negative-deactive,negative-active,frame_012819.PNG
negative-deactive,negative-active,frame_012820.PNG
negative-deactive,negative-active,frame_012821.PNG
negative-deactive,negative-active,frame_012822.PNG
negative-deactive,negative-active,frame_012823.PNG
negative-deactive,negative-active,frame_012824.PNG
negative-deactive,negative-active,frame_012825.PNG
negative-deactive,negative-active,frame_012826.PNG
negative-deactive,negative-active,frame_012827.PNG
negative-deactive,negative-active,frame_012828.PNG
negative-deactive,negative-active,frame_012829.PNG
negative-deactive,negative-active,frame_012830.PNG
negative-deactive,negative-active,frame_012831.PNG
negative-deactive,negative-deactive,frame_012845.PNG
negative-deactive,negative-deactive,frame_012846.PNG
negative-deactive,negative-deactive,frame_012847.PNG
negative-deactive,negative-deactive,frame_012848.PNG
negative-deactive,negative-active,frame_012849.PNG
negative-deactive,negative-active,frame_012850.PNG
negative-deactive,negative-active,frame_012851.PNG
negative-deactive,negative-active,frame_012852.PNG
negative-deactive,negative-active,frame_012853.PNG
negative-deactive,negative-deactive,frame_012858.PNG
negative-deactive,negative-deactive,frame_012859.PNG
negative-deactive,negative-active,frame_012860.PNG
negative-deactive,negative-active,frame_012861.PNG
negative-deactive,negative-active,frame_012862.PNG
neutral,negative-active,frame_012863.PNG
neutral,negative-active,frame_012864.PNG
neutral,negative-active,frame_012865.PNG
neutral,negative-active,frame_012866.PNG
neutral,negative-active,frame_012867.PNG
neutral,negative-active,frame_012868.PNG
neutral,negative-active,frame_012869.PNG
neutral,negative-active,frame_012870.PNG
neutral,negative-active,frame_012871.PNG
neutral,negative-active,frame_012872.PNG
neutral,negative-active,frame_012873.PNG
neutral,negative-active,frame_012874.PNG
neutral,negative-active,frame_012875.PNG
neutral,negative-active,frame_012876.PNG
neutral,negative-active,frame_012877.PNG
neutral,negative-active,frame_012878.PNG
neutral,negative-active,frame_012879.PNG
neutral,negative-active,frame_012880.PNG
neutral,negative-active,frame_012881.PNG
neutral,negative-active,frame_012882.PNG
neutral,negative-active,frame_012883.PNG
neutral,negative-active,frame_012884.PNG
neutral,negative-active,frame_012885.PNG
negative-deactive,negative-active,frame_012886.PNG
negative-deactive,negative-deactive,frame_012887.PNG
negative-deactive,negative-deactive,frame_012888.PNG
negative-deactive,negative-deactive,frame_012889.PNG
negative-deactive,negative-deactive,frame_012890.PNG
negative-deactive,negative-deactive,frame_012891.PNG
negative-deactive,negative-deactive,frame_012892.PNG
negative-deactive,negative-deactive,frame_012893.PNG
negative-deactive,negative-deactive,frame_012894.PNG
negative-deactive,negative-deactive,frame_012895.PNG
negative-deactive,negative-deactive,frame_012896.PNG
negative-deactive,negative-deactive,frame_012897.PNG
negative-deactive,negative-deactive,frame_012898.PNG
negative-deactive,negative-deactive,frame_012899.PNG
positive-deactive,negative-active,frame_012900.PNG
positive-deactive,negative-active,frame_012901.PNG
positive-deactive,negative-active,frame_012902.PNG
positive-deactive,negative-active,frame_012903.PNG
positive-deactive,negative-active,frame_012904.PNG
positive-deactive,negative-active,frame_012905.PNG
positive-deactive,negative-active,frame_012906.PNG
positive-deactive,negative-active,frame_012907.PNG
positive-deactive,negative-active,frame_012908.PNG
positive-deactive,negative-deactive,frame_012915.PNG
positive-deactive,negative-deactive,frame_012916.PNG
positive-deactive,negative-deactive,frame_012917.PNG
positive-deactive,negative-deactive,frame_012918.PNG
positive-deactive,negative-deactive,frame_012919.PNG
positive-deactive,negative-deactive,frame_012920.PNG
positive-deactive,negative-deactive,frame_012921.PNG
positive-deactive,negative-deactive,frame_012922.PNG
positive-deactive,negative-deactive,frame_012923.PNG
positive-deactive,negative-deactive,frame_012924.PNG
positive-deactive,negative-deactive,frame_012925.PNG
positive-deactive,negative-deactive,frame_012926.PNG
positive-deactive,negative-deactive,frame_012927.PNG
positive-deactive,negative-deactive,frame_012928.PNG
positive-active,negative-deactive,frame_012935.PNG
positive-active,negative-deactive,frame_012936.PNG
positive-active,negative-deactive,frame_012937.PNG
positive-active,negative-deactive,frame_012938.PNG
positive-active,negative-deactive,frame_012939.PNG
positive-active,negative-deactive,frame_012940.PNG
positive-active,negative-deactive,frame_012941.PNG
positive-active,negative-deactive,frame_012942.PNG
positive-active,negative-deactive,frame_012943.PNG
positive-active,negative-deactive,frame_012944.PNG
negative-deactive,negative-deactive,frame_012953.PNG
negative-deactive,negative-deactive,frame_012954.PNG
negative-deactive,negative-deactive,frame_012955.PNG
negative-deactive,negative-deactive,frame_012957.PNG
negative-deactive,negative-deactive,frame_012958.PNG
negative-deactive,negative-deactive,frame_012959.PNG
negative-deactive,negative-deactive,frame_012960.PNG
negative-deactive,negative-deactive,frame_012961.PNG
negative-deactive,negative-deactive,frame_012962.PNG
negative-deactive,negative-deactive,frame_012963.PNG
negative-deactive,negative-deactive,frame_012964.PNG
negative-deactive,negative-deactive,frame_012965.PNG
negative-deactive,negative-deactive,frame_012966.PNG
negative-deactive,negative-deactive,frame_012967.PNG
negative-deactive,negative-deactive,frame_012968.PNG
negative-deactive,negative-deactive,frame_012969.PNG
negative-deactive,negative-deactive,frame_012970.PNG
negative-deactive,negative-deactive,frame_012971.PNG
negative-deactive,negative-deactive,frame_012972.PNG
negative-deactive,negative-deactive,frame_012973.PNG
negative-deactive,negative-deactive,frame_012974.PNG
negative-deactive,negative-deactive,frame_012975.PNG
negative-deactive,negative-deactive,frame_012976.PNG
negative-deactive,negative-deactive,frame_012977.PNG
negative-deactive,negative-deactive,frame_012978.PNG
negative-deactive,negative-deactive,frame_012979.PNG
negative-deactive,negative-deactive,frame_012980.PNG
negative-deactive,negative-deactive,frame_012981.PNG
negative-deactive,negative-deactive,frame_012982.PNG
negative-deactive,negative-deactive,frame_012983.PNG
negative-deactive,negative-deactive,frame_012984.PNG
negative-deactive,negative-deactive,frame_012985.PNG
negative-deactive,negative-deactive,frame_012986.PNG
negative-deactive,negative-deactive,frame_012987.PNG
negative-deactive,negative-deactive,frame_012988.PNG
positive-active,negative-active,frame_012989.PNG
positive-active,negative-active,frame_012990.PNG
positive-active,negative-active,frame_012991.PNG
positive-active,negative-active,frame_012992.PNG
positive-active,negative-active,frame_012993.PNG
positive-active,negative-active,frame_012994.PNG
positive-active,negative-active,frame_012995.PNG
positive-active,negative-active,frame_012996.PNG
positive-active,negative-active,frame_012997.PNG
positive-active,negative-active,frame_012998.PNG
positive-active,negative-active,frame_012999.PNG
positive-active,negative-active,frame_013000.PNG
positive-active,negative-deactive,frame_013001.PNG
positive-active,negative-deactive,frame_013002.PNG
positive-active,negative-deactive,frame_013003.PNG
positive-active,negative-deactive,frame_013004.PNG
positive-active,negative-deactive,frame_013005.PNG
positive-active,negative-deactive,frame_013006.PNG
positive-active,negative-deactive,frame_013007.PNG
negative-active,negative-active,frame_013008.PNG
negative-active,negative-active,frame_013009.PNG
negative-active,negative-active,frame_013010.PNG
negative-active,negative-active,frame_013011.PNG
negative-active,negative-active,frame_013012.PNG
negative-active,negative-active,frame_013013.PNG
negative-active,negative-active,frame_013014.PNG
negative-active,negative-active,frame_013015.PNG
negative-active,negative-active,frame_013016.PNG
negative-active,positive-active,frame_013020.PNG
negative-active,positive-active,frame_013021.PNG
negative-active,positive-active,frame_013022.PNG
negative-active,positive-active,frame_013023.PNG
negative-active,positive-active,frame_013024.PNG
negative-active,positive-active,frame_013025.PNG
positive-active,negative-active,frame_013035.PNG
positive-active,negative-active,frame_013036.PNG
positive-active,negative-active,frame_013037.PNG
positive-active,negative-active,frame_013038.PNG
positive-active,negative-active,frame_013039.PNG
positive-active,negative-active,frame_013040.PNG
positive-active,negative-active,frame_013041.PNG
positive-active,negative-active,frame_013042.PNG
positive-active,negative-active,frame_013043.PNG
positive-active,negative-active,frame_013044.PNG
positive-active,negative-active,frame_013045.PNG
positive-active,negative-active,frame_013046.PNG
positive-active,negative-active,frame_013047.PNG
positive-active,negative-active,frame_013048.PNG
positive-active,negative-active,frame_013049.PNG
positive-active,negative-active,frame_013050.PNG
positive-active,negative-active,frame_013051.PNG
positive-active,negative-active,frame_013052.PNG
positive-active,negative-active,frame_013053.PNG
positive-active,negative-active,frame_013054.PNG
positive-active,negative-active,frame_013055.PNG
positive-active,negative-active,frame_013056.PNG
positive-active,negative-active,frame_013057.PNG
positive-active,negative-active,frame_013058.PNG
positive-active,negative-active,frame_013059.PNG
positive-active,negative-active,frame_013060.PNG
positive-active,negative-active,frame_013061.PNG
positive-active,negative-active,frame_013062.PNG
positive-active,negative-active,frame_013063.PNG
positive-active,negative-active,frame_013064.PNG
positive-active,negative-active,frame_013065.PNG
positive-active,negative-active,frame_013066.PNG
positive-active,negative-active,frame_013067.PNG
positive-active,negative-active,frame_013068.PNG
positive-active,negative-active,frame_013069.PNG
positive-active,negative-active,frame_013070.PNG
positive-active,negative-active,frame_013071.PNG
positive-active,negative-active,frame_013072.PNG
positive-active,negative-active,frame_013073.PNG
positive-active,negative-active,frame_013074.PNG
positive-active,negative-active,frame_013075.PNG
positive-active,negative-active,frame_013076.PNG
positive-active,negative-active,frame_013077.PNG
positive-active,negative-active,frame_013078.PNG
positive-active,positive-active,frame_013079.PNG
positive-active,positive-active,frame_013080.PNG
positive-active,positive-active,frame_013081.PNG
positive-active,positive-active,frame_013082.PNG
positive-active,positive-active,frame_013083.PNG
positive-active,positive-active,frame_013084.PNG
positive-active,positive-active,frame_013085.PNG
positive-active,positive-active,frame_013086.PNG
positive-active,positive-active,frame_013087.PNG
positive-active,positive-active,frame_013088.PNG
positive-active,positive-active,frame_013089.PNG
positive-active,positive-active,frame_013090.PNG
positive-active,positive-active,frame_013091.PNG
positive-active,positive-active,frame_013092.PNG
positive-active,positive-active,frame_013093.PNG
positive-active,positive-active,frame_013094.PNG
positive-active,positive-active,frame_013095.PNG
positive-active,positive-active,frame_013096.PNG
positive-active,positive-active,frame_013097.PNG
positive-active,positive-active,frame_013098.PNG
positive-active,positive-active,frame_013099.PNG
positive-active,positive-active,frame_013100.PNG
positive-active,positive-active,frame_013101.PNG
positive-active,positive-active,frame_013102.PNG
positive-active,positive-active,frame_013103.PNG
positive-active,positive-active,frame_013104.PNG
positive-active,positive-active,frame_013105.PNG
positive-active,positive-active,frame_013106.PNG
positive-active,positive-active,frame_013107.PNG
positive-active,positive-active,frame_013108.PNG
positive-active,positive-active,frame_013109.PNG
positive-active,positive-active,frame_013110.PNG
positive-active,positive-active,frame_013111.PNG
positive-active,negative-deactive,frame_013119.PNG
positive-active,negative-deactive,frame_013120.PNG
positive-active,negative-deactive,frame_013121.PNG
positive-active,negative-deactive,frame_013122.PNG
positive-active,negative-deactive,frame_013123.PNG
positive-active,negative-deactive,frame_013124.PNG
neutral,negative-active,frame_013132.PNG
neutral,negative-active,frame_013133.PNG
neutral,negative-active,frame_013134.PNG
neutral,negative-active,frame_013135.PNG
neutral,negative-active,frame_013136.PNG
positive-active,negative-deactive,frame_013142.PNG
positive-active,negative-deactive,frame_013143.PNG
positive-active,negative-deactive,frame_013144.PNG
positive-active,negative-deactive,frame_013145.PNG
positive-active,negative-deactive,frame_013146.PNG
positive-active,negative-deactive,frame_013147.PNG
positive-active,negative-deactive,frame_013148.PNG
positive-active,negative-deactive,frame_013149.PNG
positive-active,negative-deactive,frame_013150.PNG
positive-active,negative-deactive,frame_013156.PNG
positive-active,negative-active,frame_013157.PNG
positive-active,negative-active,frame_013158.PNG
positive-active,negative-active,frame_013159.PNG
positive-active,negative-active,frame_013160.PNG
positive-active,negative-active,frame_013161.PNG
positive-active,negative-active,frame_013162.PNG
positive-active,negative-active,frame_013163.PNG
positive-active,negative-active,frame_013164.PNG
positive-active,negative-active,frame_013165.PNG
positive-active,negative-active,frame_013166.PNG
neutral,negative-active,frame_013172.PNG
neutral,negative-active,frame_013173.PNG
neutral,negative-active,frame_013174.PNG
neutral,negative-active,frame_013175.PNG
neutral,negative-active,frame_013176.PNG
negative-deactive,negative-active,frame_013245.PNG
negative-deactive,negative-active,frame_013246.PNG
negative-deactive,negative-active,frame_013247.PNG
negative-deactive,negative-active,frame_013248.PNG
negative-deactive,negative-active,frame_013249.PNG
negative-deactive,negative-active,frame_013250.PNG
negative-deactive,negative-active,frame_013251.PNG
negative-deactive,negative-active,frame_013252.PNG
negative-deactive,negative-active,frame_013253.PNG
negative-deactive,negative-active,frame_013254.PNG
negative-deactive,negative-active,frame_013255.PNG
negative-deactive,negative-active,frame_013261.PNG
negative-deactive,negative-active,frame_013262.PNG
negative-deactive,negative-active,frame_013263.PNG
negative-deactive,negative-active,frame_013264.PNG
negative-deactive,negative-active,frame_013265.PNG
negative-deactive,negative-active,frame_013266.PNG
negative-deactive,negative-active,frame_013267.PNG
negative-active,negative-active,frame_013268.PNG
negative-active,negative-active,frame_013269.PNG
negative-active,negative-active,frame_013270.PNG
negative-active,negative-active,frame_013271.PNG
negative-active,negative-active,frame_013272.PNG
negative-active,negative-active,frame_013273.PNG
negative-active,negative-active,frame_013274.PNG
negative-active,negative-active,frame_013275.PNG
negative-active,negative-active,frame_013276.PNG
negative-active,negative-active,frame_013277.PNG
negative-active,negative-active,frame_013278.PNG
negative-active,negative-active,frame_013279.PNG
negative-active,negative-active,frame_013280.PNG
negative-active,negative-active,frame_013281.PNG
negative-active,negative-active,frame_013282.PNG
negative-active,negative-active,frame_013283.PNG
negative-active,negative-active,frame_013284.PNG
negative-active,negative-active,frame_013285.PNG
negative-active,negative-active,frame_013286.PNG
negative-active,negative-active,frame_013287.PNG
negative-active,negative-active,frame_013288.PNG
negative-active,negative-active,frame_013289.PNG
negative-active,negative-active,frame_013290.PNG
negative-active,negative-active,frame_013291.PNG
negative-active,negative-active,frame_013292.PNG
negative-active,negative-active,frame_013293.PNG
negative-active,negative-active,frame_013294.PNG
negative-active,negative-active,frame_013295.PNG
negative-active,negative-active,frame_013296.PNG
negative-active,negative-active,frame_013297.PNG
negative-active,negative-active,frame_013298.PNG
negative-active,negative-active,frame_013299.PNG
negative-deactive,negative-deactive,frame_013307.PNG
negative-deactive,negative-deactive,frame_013308.PNG
negative-deactive,negative-deactive,frame_013309.PNG
negative-deactive,negative-deactive,frame_013310.PNG
negative-deactive,negative-deactive,frame_013311.PNG
negative-deactive,negative-active,frame_013312.PNG
negative-deactive,negative-active,frame_013313.PNG
negative-deactive,negative-active,frame_013314.PNG
negative-deactive,negative-active,frame_013315.PNG
negative-deactive,negative-active,frame_013316.PNG
negative-deactive,negative-active,frame_013317.PNG
negative-deactive,negative-active,frame_013318.PNG
negative-deactive,negative-active,frame_013319.PNG
negative-deactive,negative-active,frame_013320.PNG
negative-deactive,negative-active,frame_013321.PNG
negative-deactive,positive-deactive,frame_013322.PNG
negative-deactive,positive-deactive,frame_013323.PNG
negative-deactive,positive-deactive,frame_013324.PNG
negative-deactive,positive-deactive,frame_013325.PNG
negative-deactive,positive-deactive,frame_013326.PNG
negative-deactive,positive-deactive,frame_013327.PNG
negative-deactive,positive-deactive,frame_013328.PNG
negative-deactive,neutral,frame_013373.PNG
negative-deactive,neutral,frame_013374.PNG
negative-deactive,neutral,frame_013375.PNG
negative-deactive,neutral,frame_013376.PNG
negative-deactive,neutral,frame_013377.PNG
negative-deactive,neutral,frame_013378.PNG
negative-deactive,neutral,frame_013379.PNG
negative-deactive,neutral,frame_013380.PNG
negative-deactive,neutral,frame_013381.PNG
negative-deactive,neutral,frame_013382.PNG
negative-deactive,neutral,frame_013383.PNG
negative-deactive,neutral,frame_013384.PNG
negative-deactive,neutral,frame_013385.PNG
negative-deactive,neutral,frame_013386.PNG
negative-deactive,negative-active,frame_013387.PNG
negative-deactive,negative-active,frame_013388.PNG
negative-deactive,negative-active,frame_013389.PNG
negative-deactive,negative-active,frame_013390.PNG
negative-deactive,negative-active,frame_013391.PNG
negative-deactive,negative-active,frame_013400.PNG
negative-deactive,negative-active,frame_013401.PNG
negative-deactive,negative-active,frame_013402.PNG
negative-deactive,negative-active,frame_013403.PNG
negative-deactive,negative-active,frame_013404.PNG
negative-deactive,negative-active,frame_013405.PNG
negative-deactive,negative-active,frame_013406.PNG
negative-deactive,negative-active,frame_013407.PNG
negative-deactive,negative-active,frame_013408.PNG
negative-deactive,negative-active,frame_013409.PNG
negative-deactive,negative-active,frame_013410.PNG
negative-deactive,negative-active,frame_013411.PNG
negative-deactive,negative-active,frame_013412.PNG
negative-deactive,negative-active,frame_013413.PNG
negative-deactive,negative-active,frame_013414.PNG
negative-deactive,negative-active,frame_013415.PNG
negative-deactive,negative-active,frame_013416.PNG
negative-deactive,negative-active,frame_013417.PNG
negative-deactive,negative-active,frame_013418.PNG
negative-deactive,negative-active,frame_013419.PNG
negative-deactive,negative-active,frame_013427.PNG
negative-deactive,negative-active,frame_013428.PNG
negative-deactive,negative-active,frame_013429.PNG
negative-deactive,negative-active,frame_013430.PNG
negative-deactive,negative-active,frame_013431.PNG
negative-deactive,negative-active,frame_013432.PNG
negative-deactive,negative-active,frame_013433.PNG
negative-deactive,negative-active,frame_013434.PNG
negative-deactive,negative-active,frame_013435.PNG
negative-deactive,negative-active,frame_013436.PNG
neutral,negative-active,frame_013437.PNG
neutral,negative-active,frame_013438.PNG
neutral,negative-active,frame_013439.PNG
neutral,negative-active,frame_013440.PNG
neutral,negative-active,frame_013441.PNG
neutral,negative-active,frame_013442.PNG
neutral,negative-active,frame_013443.PNG
neutral,negative-active,frame_013444.PNG
neutral,negative-active,frame_013445.PNG
neutral,negative-active,frame_013446.PNG
neutral,negative-active,frame_013447.PNG
neutral,negative-active,frame_013448.PNG
neutral,negative-active,frame_013449.PNG
neutral,negative-active,frame_013450.PNG
neutral,negative-active,frame_013451.PNG
neutral,negative-active,frame_013452.PNG
neutral,negative-active,frame_013453.PNG
neutral,negative-active,frame_013454.PNG
neutral,negative-active,frame_013455.PNG
neutral,negative-active,frame_013456.PNG
neutral,negative-active,frame_013457.PNG
neutral,negative-active,frame_013458.PNG
neutral,negative-active,frame_013459.PNG
neutral,negative-active,frame_013460.PNG
neutral,negative-active,frame_013461.PNG
neutral,negative-active,frame_013462.PNG
neutral,negative-active,frame_013463.PNG
neutral,negative-active,frame_013464.PNG
neutral,negative-active,frame_013465.PNG
neutral,negative-active,frame_013466.PNG
neutral,negative-active,frame_013467.PNG
neutral,negative-active,frame_013468.PNG
neutral,negative-active,frame_013469.PNG
neutral,negative-active,frame_013470.PNG
neutral,negative-active,frame_013471.PNG
neutral,negative-active,frame_013472.PNG
neutral,negative-active,frame_013473.PNG
neutral,negative-active,frame_013474.PNG
neutral,negative-active,frame_013475.PNG
negative-deactive,negative-deactive,frame_013486.PNG
negative-deactive,negative-active,frame_013487.PNG
negative-deactive,negative-active,frame_013488.PNG
negative-deactive,negative-active,frame_013489.PNG
negative-deactive,negative-active,frame_013490.PNG
negative-deactive,negative-active,frame_013491.PNG
negative-deactive,negative-active,frame_013492.PNG
negative-deactive,negative-active,frame_013493.PNG
negative-deactive,negative-active,frame_013494.PNG
negative-deactive,negative-active,frame_013495.PNG
negative-deactive,negative-active,frame_013496.PNG
negative-deactive,negative-active,frame_013497.PNG
negative-deactive,negative-active,frame_013498.PNG
negative-deactive,negative-active,frame_013499.PNG
negative-deactive,negative-active,frame_013500.PNG
negative-deactive,negative-active,frame_013501.PNG
negative-deactive,negative-active,frame_013502.PNG
negative-deactive,negative-active,frame_013503.PNG
negative-deactive,negative-active,frame_013504.PNG
negative-deactive,negative-active,frame_013505.PNG
negative-deactive,negative-active,frame_013506.PNG
negative-deactive,negative-active,frame_013507.PNG
negative-deactive,negative-active,frame_013508.PNG
negative-deactive,negative-active,frame_013509.PNG
negative-deactive,negative-active,frame_013510.PNG
negative-deactive,negative-active,frame_013511.PNG
negative-deactive,negative-active,frame_013521.PNG
negative-deactive,negative-active,frame_013522.PNG
negative-deactive,negative-active,frame_013523.PNG
negative-deactive,negative-active,frame_013524.PNG
negative-deactive,negative-active,frame_013526.PNG
negative-deactive,negative-active,frame_013527.PNG
negative-deactive,negative-active,frame_013528.PNG
negative-deactive,negative-active,frame_013529.PNG
negative-deactive,negative-active,frame_013530.PNG
negative-deactive,negative-active,frame_013531.PNG
negative-deactive,negative-active,frame_013532.PNG
neutral,negative-active,frame_013533.PNG
neutral,negative-active,frame_013534.PNG
neutral,negative-active,frame_013535.PNG
neutral,negative-active,frame_013536.PNG
neutral,negative-active,frame_013537.PNG
neutral,negative-active,frame_013538.PNG
neutral,negative-active,frame_013539.PNG
neutral,negative-active,frame_013540.PNG
neutral,negative-active,frame_013541.PNG
neutral,negative-active,frame_013542.PNG
neutral,negative-active,frame_013543.PNG
neutral,negative-active,frame_013544.PNG
neutral,negative-active,frame_013545.PNG
neutral,negative-active,frame_013546.PNG
neutral,negative-active,frame_013547.PNG
neutral,negative-active,frame_013548.PNG
neutral,negative-active,frame_013549.PNG
neutral,negative-active,frame_013550.PNG
neutral,negative-active,frame_013551.PNG
neutral,negative-active,frame_013552.PNG
neutral,negative-active,frame_013553.PNG
neutral,negative-active,frame_013554.PNG
neutral,negative-active,frame_013555.PNG
neutral,negative-active,frame_013556.PNG
neutral,negative-active,frame_013557.PNG
neutral,negative-active,frame_013558.PNG
neutral,negative-active,frame_013559.PNG
neutral,negative-active,frame_013560.PNG
neutral,negative-active,frame_013561.PNG
neutral,negative-active,frame_013562.PNG
neutral,negative-active,frame_013563.PNG
negative-deactive,negative-active,frame_013569.PNG
negative-deactive,negative-active,frame_013570.PNG
negative-deactive,negative-active,frame_013571.PNG
negative-deactive,negative-active,frame_013572.PNG
negative-deactive,negative-active,frame_013573.PNG
negative-deactive,negative-active,frame_013574.PNG
negative-deactive,negative-active,frame_013575.PNG
negative-deactive,negative-active,frame_013576.PNG
negative-deactive,negative-active,frame_013577.PNG
negative-deactive,negative-active,frame_013578.PNG
negative-deactive,negative-active,frame_013580.PNG
negative-deactive,negative-active,frame_013589.PNG
negative-deactive,negative-active,frame_013590.PNG
negative-deactive,negative-active,frame_013591.PNG
negative-deactive,negative-active,frame_013592.PNG
negative-deactive,negative-active,frame_013593.PNG
negative-deactive,negative-active,frame_013594.PNG
negative-deactive,negative-active,frame_013595.PNG
negative-deactive,negative-active,frame_013596.PNG
negative-deactive,negative-active,frame_013597.PNG
negative-deactive,negative-active,frame_013598.PNG
negative-deactive,negative-active,frame_013599.PNG
negative-deactive,negative-active,frame_013600.PNG
negative-deactive,negative-active,frame_013601.PNG
negative-deactive,negative-active,frame_013602.PNG
negative-deactive,negative-active,frame_013603.PNG
negative-deactive,negative-active,frame_013604.PNG
negative-deactive,negative-active,frame_013605.PNG
negative-deactive,negative-active,frame_013606.PNG
negative-deactive,negative-active,frame_013614.PNG
negative-deactive,negative-active,frame_013615.PNG
negative-deactive,negative-active,frame_013616.PNG
negative-deactive,negative-active,frame_013617.PNG
neutral,negative-active,frame_013618.PNG
neutral,negative-active,frame_013619.PNG
neutral,negative-active,frame_013620.PNG
neutral,negative-active,frame_013621.PNG
neutral,negative-active,frame_013622.PNG
neutral,negative-active,frame_013623.PNG
neutral,negative-active,frame_013624.PNG
neutral,negative-active,frame_013625.PNG
neutral,negative-active,frame_013626.PNG
neutral,negative-active,frame_013627.PNG
neutral,negative-active,frame_013628.PNG
neutral,negative-active,frame_013629.PNG
neutral,negative-active,frame_013630.PNG
neutral,negative-active,frame_013631.PNG
neutral,negative-active,frame_013632.PNG
neutral,negative-active,frame_013633.PNG
neutral,negative-active,frame_013634.PNG
neutral,negative-active,frame_013635.PNG
negative-deactive,negative-active,frame_013644.PNG
negative-deactive,negative-active,frame_013645.PNG
negative-deactive,negative-active,frame_013646.PNG
negative-deactive,negative-active,frame_013647.PNG
negative-deactive,negative-active,frame_013648.PNG
negative-deactive,negative-active,frame_013649.PNG
negative-deactive,negative-active,frame_013650.PNG
neutral,negative-active,frame_013651.PNG
neutral,negative-active,frame_013652.PNG
neutral,negative-active,frame_013653.PNG
neutral,negative-active,frame_013654.PNG
neutral,negative-active,frame_013655.PNG
neutral,negative-active,frame_013656.PNG
neutral,negative-active,frame_013657.PNG
neutral,negative-active,frame_013658.PNG
neutral,negative-active,frame_013659.PNG
neutral,negative-active,frame_013660.PNG
neutral,negative-active,frame_013661.PNG
neutral,negative-active,frame_013662.PNG
neutral,negative-active,frame_013663.PNG
neutral,negative-active,frame_013664.PNG
neutral,negative-active,frame_013665.PNG
neutral,negative-active,frame_013666.PNG
neutral,negative-active,frame_013667.PNG
neutral,negative-active,frame_013668.PNG
neutral,negative-active,frame_013669.PNG
neutral,negative-active,frame_013670.PNG
neutral,negative-active,frame_013671.PNG
neutral,negative-active,frame_013672.PNG
neutral,negative-active,frame_013673.PNG
neutral,negative-active,frame_013674.PNG
neutral,negative-active,frame_013675.PNG
neutral,negative-active,frame_013676.PNG
neutral,negative-active,frame_013677.PNG
negative-deactive,negative-active,frame_013678.PNG
negative-deactive,negative-active,frame_013679.PNG
negative-deactive,negative-active,frame_013680.PNG
negative-deactive,negative-active,frame_013681.PNG
negative-deactive,negative-active,frame_013682.PNG
negative-deactive,negative-active,frame_013683.PNG
negative-deactive,negative-active,frame_013684.PNG
negative-deactive,negative-active,frame_013685.PNG
negative-deactive,negative-active,frame_013686.PNG
negative-deactive,negative-active,frame_013687.PNG
negative-deactive,negative-active,frame_013688.PNG
negative-deactive,negative-active,frame_013689.PNG
negative-deactive,negative-active,frame_013690.PNG
negative-deactive,negative-active,frame_013691.PNG
negative-deactive,negative-active,frame_013692.PNG
negative-deactive,negative-active,frame_013693.PNG
negative-deactive,negative-active,frame_013694.PNG
negative-deactive,negative-active,frame_013695.PNG
negative-deactive,negative-active,frame_013696.PNG
negative-active,negative-active,frame_013697.PNG
negative-active,negative-active,frame_013698.PNG
negative-active,negative-active,frame_013699.PNG
negative-active,negative-active,frame_013700.PNG
negative-active,negative-active,frame_013701.PNG
negative-active,negative-active,frame_013702.PNG
negative-active,negative-active,frame_013703.PNG
negative-active,negative-active,frame_013704.PNG
negative-active,negative-active,frame_013705.PNG
negative-active,negative-active,frame_013706.PNG
negative-active,negative-active,frame_013707.PNG
negative-active,negative-active,frame_013708.PNG
negative-active,negative-active,frame_013709.PNG
negative-active,negative-active,frame_013710.PNG
negative-deactive,negative-active,frame_013711.PNG
negative-deactive,negative-active,frame_013712.PNG
negative-deactive,negative-active,frame_013713.PNG
negative-deactive,negative-active,frame_013714.PNG
negative-deactive,negative-active,frame_013715.PNG
negative-deactive,negative-active,frame_013716.PNG
negative-deactive,negative-active,frame_013717.PNG
negative-deactive,negative-active,frame_013718.PNG
negative-deactive,negative-active,frame_013719.PNG
negative-deactive,negative-active,frame_013720.PNG
negative-deactive,negative-active,frame_013721.PNG
negative-deactive,negative-active,frame_013722.PNG
negative-deactive,negative-active,frame_013723.PNG
negative-deactive,negative-active,frame_013724.PNG
negative-deactive,negative-active,frame_013725.PNG
negative-deactive,negative-active,frame_013726.PNG
negative-deactive,negative-active,frame_013727.PNG
negative-deactive,negative-active,frame_013728.PNG
negative-deactive,negative-active,frame_013729.PNG
negative-deactive,negative-active,frame_013730.PNG
negative-deactive,negative-active,frame_013731.PNG
negative-deactive,negative-active,frame_013732.PNG
negative-deactive,negative-active,frame_013733.PNG
negative-deactive,negative-active,frame_013734.PNG
negative-deactive,negative-active,frame_013735.PNG
negative-deactive,negative-active,frame_013736.PNG
negative-deactive,negative-active,frame_013737.PNG
negative-deactive,negative-active,frame_013738.PNG
negative-deactive,negative-active,frame_013739.PNG
negative-deactive,negative-active,frame_013740.PNG
negative-deactive,negative-active,frame_013741.PNG
negative-deactive,negative-active,frame_013742.PNG
negative-deactive,negative-active,frame_013743.PNG
negative-deactive,negative-active,frame_013744.PNG
negative-deactive,negative-active,frame_013745.PNG
negative-deactive,negative-deactive,frame_013757.PNG
negative-deactive,negative-deactive,frame_013758.PNG
negative-deactive,negative-deactive,frame_013759.PNG
negative-deactive,negative-deactive,frame_013760.PNG
negative-deactive,negative-deactive,frame_013761.PNG
negative-deactive,negative-deactive,frame_013762.PNG
negative-deactive,negative-deactive,frame_013763.PNG
negative-deactive,negative-deactive,frame_013764.PNG
negative-deactive,negative-deactive,frame_013765.PNG
negative-deactive,negative-deactive,frame_013766.PNG
negative-deactive,negative-deactive,frame_013767.PNG
negative-deactive,negative-deactive,frame_013768.PNG
negative-deactive,negative-deactive,frame_013769.PNG
negative-deactive,negative-deactive,frame_013777.PNG
negative-deactive,negative-deactive,frame_013778.PNG
negative-deactive,negative-deactive,frame_013779.PNG
negative-deactive,negative-deactive,frame_013780.PNG
negative-deactive,negative-deactive,frame_013781.PNG
neutral,negative-active,frame_013782.PNG
neutral,negative-active,frame_013783.PNG
neutral,negative-active,frame_013784.PNG
neutral,negative-active,frame_013785.PNG
neutral,negative-active,frame_013786.PNG
neutral,negative-active,frame_013787.PNG
neutral,negative-active,frame_013788.PNG
neutral,negative-active,frame_013789.PNG
neutral,negative-active,frame_013790.PNG
neutral,negative-active,frame_013791.PNG
neutral,negative-active,frame_013792.PNG
negative-deactive,negative-active,frame_013802.PNG
negative-deactive,negative-active,frame_013803.PNG
negative-deactive,negative-active,frame_013804.PNG
neutral,negative-active,frame_013805.PNG
neutral,negative-active,frame_013806.PNG
neutral,negative-active,frame_013807.PNG
neutral,negative-active,frame_013808.PNG
neutral,negative-active,frame_013809.PNG
neutral,negative-active,frame_013810.PNG
neutral,negative-active,frame_013811.PNG
neutral,negative-active,frame_013812.PNG
neutral,negative-active,frame_013813.PNG
neutral,negative-active,frame_013814.PNG
neutral,negative-active,frame_013815.PNG
neutral,negative-active,frame_013816.PNG
neutral,negative-active,frame_013817.PNG
neutral,negative-active,frame_013818.PNG
neutral,negative-active,frame_013819.PNG
neutral,negative-active,frame_013820.PNG
neutral,negative-active,frame_013821.PNG
neutral,negative-active,frame_013822.PNG
neutral,negative-active,frame_013823.PNG
neutral,negative-active,frame_013824.PNG
neutral,negative-active,frame_013825.PNG
positive-active,negative-active,frame_013826.PNG
positive-active,negative-active,frame_013827.PNG
positive-active,negative-active,frame_013828.PNG
positive-active,negative-active,frame_013829.PNG
positive-active,negative-deactive,frame_013830.PNG
positive-active,negative-deactive,frame_013831.PNG
positive-active,negative-deactive,frame_013832.PNG
positive-active,negative-deactive,frame_013833.PNG
positive-active,negative-deactive,frame_013834.PNG
positive-active,negative-deactive,frame_013835.PNG
positive-active,negative-deactive,frame_013836.PNG
positive-active,negative-deactive,frame_013837.PNG
positive-active,negative-deactive,frame_013838.PNG
positive-active,negative-deactive,frame_013839.PNG
positive-active,negative-deactive,frame_013840.PNG
positive-active,negative-deactive,frame_013841.PNG
positive-active,negative-deactive,frame_013842.PNG
positive-active,negative-deactive,frame_013843.PNG
positive-active,negative-deactive,frame_013844.PNG
positive-active,negative-deactive,frame_013845.PNG
positive-active,negative-deactive,frame_013846.PNG
positive-active,negative-deactive,frame_013847.PNG
positive-active,negative-deactive,frame_013848.PNG
positive-active,negative-deactive,frame_013849.PNG
positive-active,negative-deactive,frame_013850.PNG
positive-active,negative-deactive,frame_013851.PNG
positive-active,negative-deactive,frame_013852.PNG
positive-active,positive-deactive,frame_013853.PNG
positive-active,positive-deactive,frame_013854.PNG
positive-active,positive-deactive,frame_013855.PNG
positive-active,positive-deactive,frame_013856.PNG
positive-active,positive-deactive,frame_013857.PNG
positive-active,positive-active,frame_013879.PNG
positive-active,positive-active,frame_013880.PNG
positive-active,positive-active,frame_013881.PNG
positive-active,positive-active,frame_013882.PNG
positive-active,positive-active,frame_013883.PNG
positive-active,positive-active,frame_013884.PNG
positive-active,positive-active,frame_013885.PNG
positive-active,positive-active,frame_013886.PNG
positive-active,positive-active,frame_013887.PNG
positive-active,positive-active,frame_013895.PNG
positive-active,positive-active,frame_013896.PNG
positive-active,positive-active,frame_013897.PNG
positive-active,positive-active,frame_013898.PNG
positive-active,positive-active,frame_013899.PNG
positive-active,positive-active,frame_013900.PNG
positive-active,positive-active,frame_013901.PNG
positive-active,positive-active,frame_013902.PNG
positive-active,positive-active,frame_013903.PNG
positive-active,positive-active,frame_013904.PNG
positive-active,positive-active,frame_013905.PNG
positive-active,positive-active,frame_013906.PNG
positive-active,positive-active,frame_013907.PNG
positive-active,positive-active,frame_013908.PNG
positive-active,positive-active,frame_013909.PNG
positive-active,positive-active,frame_013910.PNG
positive-active,positive-active,frame_013911.PNG
positive-active,positive-active,frame_013912.PNG
positive-active,positive-active,frame_013913.PNG
positive-active,positive-active,frame_013914.PNG
positive-active,positive-active,frame_013915.PNG
positive-active,positive-active,frame_013916.PNG
positive-active,positive-active,frame_013917.PNG
positive-active,positive-active,frame_013918.PNG
positive-active,negative-deactive,frame_013928.PNG
positive-active,negative-deactive,frame_013929.PNG
positive-active,negative-deactive,frame_013930.PNG
positive-active,negative-deactive,frame_013931.PNG
positive-active,negative-deactive,frame_013932.PNG
positive-active,negative-deactive,frame_013933.PNG
positive-active,negative-deactive,frame_013934.PNG
positive-active,negative-deactive,frame_013935.PNG
positive-active,negative-deactive,frame_013936.PNG
positive-active,negative-active,frame_013937.PNG
positive-active,negative-active,frame_013938.PNG
positive-active,negative-active,frame_013939.PNG
positive-active,negative-active,frame_013940.PNG
positive-active,negative-active,frame_013941.PNG
positive-active,negative-active,frame_013950.PNG
positive-active,negative-active,frame_013951.PNG
positive-active,negative-active,frame_013952.PNG
positive-active,negative-active,frame_013953.PNG
positive-active,negative-active,frame_013954.PNG
positive-active,negative-active,frame_013955.PNG
positive-active,negative-active,frame_013956.PNG
positive-active,negative-active,frame_013957.PNG
positive-active,negative-active,frame_013958.PNG
positive-active,negative-active,frame_013959.PNG
positive-active,negative-deactive,frame_013960.PNG
positive-active,negative-deactive,frame_013961.PNG
positive-active,negative-deactive,frame_013962.PNG
positive-active,negative-deactive,frame_013963.PNG
positive-active,negative-deactive,frame_013964.PNG
positive-active,negative-deactive,frame_013965.PNG
positive-active,negative-deactive,frame_013966.PNG
positive-active,negative-deactive,frame_013967.PNG
positive-active,negative-deactive,frame_013968.PNG
positive-active,negative-deactive,frame_013969.PNG
positive-active,negative-deactive,frame_013970.PNG
positive-active,negative-deactive,frame_013971.PNG
positive-active,negative-active,frame_013977.PNG
positive-active,negative-active,frame_013978.PNG
positive-active,negative-active,frame_013979.PNG
positive-active,negative-active,frame_013980.PNG
positive-active,negative-active,frame_013981.PNG
positive-active,negative-active,frame_013982.PNG
positive-active,negative-active,frame_013983.PNG
positive-active,negative-active,frame_013984.PNG
positive-active,negative-active,frame_013985.PNG
positive-active,negative-active,frame_013986.PNG
positive-active,negative-active,frame_013987.PNG
positive-active,negative-active,frame_013988.PNG
positive-active,negative-active,frame_013989.PNG
positive-active,negative-active,frame_013990.PNG
positive-deactive,negative-deactive,frame_013998.PNG
positive-deactive,negative-deactive,frame_013999.PNG
positive-deactive,negative-deactive,frame_014000.PNG
positive-deactive,negative-deactive,frame_014001.PNG
positive-deactive,negative-deactive,frame_014002.PNG
positive-deactive,negative-deactive,frame_014003.PNG
positive-deactive,negative-deactive,frame_014004.PNG
positive-deactive,negative-deactive,frame_014005.PNG
positive-deactive,negative-deactive,frame_014006.PNG
positive-deactive,negative-deactive,frame_014007.PNG
positive-deactive,negative-deactive,frame_014008.PNG
neutral,negative-active,frame_014017.PNG
neutral,negative-active,frame_014018.PNG
neutral,negative-active,frame_014019.PNG
neutral,negative-active,frame_014020.PNG
neutral,negative-active,frame_014021.PNG
neutral,negative-active,frame_014022.PNG
neutral,negative-active,frame_014023.PNG
neutral,negative-active,frame_014024.PNG
neutral,negative-active,frame_014025.PNG
neutral,negative-active,frame_014026.PNG
neutral,negative-active,frame_014027.PNG
negative-deactive,negative-deactive,frame_014047.PNG
negative-deactive,negative-deactive,frame_014048.PNG
negative-deactive,negative-deactive,frame_014049.PNG
negative-deactive,negative-deactive,frame_014050.PNG
negative-deactive,negative-deactive,frame_014051.PNG
negative-deactive,negative-deactive,frame_014057.PNG
negative-deactive,negative-deactive,frame_014058.PNG
negative-deactive,negative-deactive,frame_014059.PNG
negative-deactive,negative-deactive,frame_014060.PNG
negative-deactive,negative-deactive,frame_014061.PNG
negative-deactive,negative-deactive,frame_014062.PNG
negative-deactive,negative-deactive,frame_014069.PNG
negative-deactive,negative-deactive,frame_014070.PNG
negative-deactive,negative-deactive,frame_014071.PNG
negative-deactive,negative-deactive,frame_014072.PNG
negative-deactive,negative-deactive,frame_014073.PNG
negative-deactive,negative-deactive,frame_014074.PNG
negative-deactive,negative-deactive,frame_014075.PNG
negative-deactive,negative-deactive,frame_014076.PNG
negative-deactive,negative-deactive,frame_014077.PNG
negative-deactive,negative-deactive,frame_014078.PNG
negative-deactive,negative-deactive,frame_014079.PNG
negative-deactive,negative-deactive,frame_014080.PNG
negative-deactive,negative-deactive,frame_014081.PNG
negative-deactive,negative-deactive,frame_014082.PNG
negative-deactive,negative-deactive,frame_014083.PNG
negative-deactive,negative-deactive,frame_014084.PNG
negative-deactive,negative-deactive,frame_014085.PNG
negative-deactive,negative-deactive,frame_014096.PNG
negative-deactive,negative-deactive,frame_014097.PNG
neutral,negative-deactive,frame_014105.PNG
neutral,negative-deactive,frame_014106.PNG
neutral,negative-deactive,frame_014107.PNG
neutral,negative-deactive,frame_014108.PNG
neutral,negative-deactive,frame_014109.PNG
negative-deactive,negative-deactive,frame_014141.PNG
negative-deactive,negative-deactive,frame_014142.PNG
negative-deactive,negative-deactive,frame_014143.PNG
negative-deactive,negative-deactive,frame_014144.PNG
negative-deactive,negative-deactive,frame_014145.PNG
negative-deactive,negative-deactive,frame_014146.PNG
negative-deactive,negative-deactive,frame_014147.PNG
negative-deactive,negative-deactive,frame_014159.PNG
negative-deactive,negative-deactive,frame_014160.PNG
negative-deactive,negative-deactive,frame_014161.PNG
negative-deactive,negative-deactive,frame_014162.PNG
negative-deactive,negative-deactive,frame_014163.PNG
negative-deactive,negative-deactive,frame_014164.PNG
negative-deactive,negative-deactive,frame_014165.PNG
negative-deactive,negative-deactive,frame_014166.PNG
negative-deactive,negative-deactive,frame_014167.PNG
negative-deactive,negative-deactive,frame_014168.PNG
negative-deactive,negative-deactive,frame_014169.PNG
negative-deactive,negative-deactive,frame_014170.PNG
negative-deactive,negative-deactive,frame_014171.PNG
negative-deactive,negative-deactive,frame_014172.PNG
negative-deactive,negative-deactive,frame_014173.PNG
negative-deactive,negative-deactive,frame_014174.PNG
negative-deactive,negative-deactive,frame_014175.PNG
negative-deactive,negative-deactive,frame_014176.PNG
negative-deactive,negative-deactive,frame_014177.PNG
negative-deactive,negative-deactive,frame_014178.PNG
negative-deactive,negative-deactive,frame_014179.PNG
negative-deactive,negative-deactive,frame_014180.PNG
negative-deactive,negative-deactive,frame_014181.PNG
negative-deactive,negative-deactive,frame_014182.PNG
negative-deactive,negative-deactive,frame_014183.PNG
negative-deactive,negative-deactive,frame_014184.PNG
negative-deactive,negative-deactive,frame_014185.PNG
negative-deactive,negative-deactive,frame_014186.PNG
negative-deactive,negative-deactive,frame_014187.PNG
negative-deactive,negative-deactive,frame_014188.PNG
negative-deactive,negative-deactive,frame_014189.PNG
negative-deactive,negative-deactive,frame_014190.PNG
negative-deactive,negative-deactive,frame_014191.PNG
negative-deactive,negative-deactive,frame_014192.PNG
negative-deactive,negative-deactive,frame_014193.PNG
negative-deactive,negative-deactive,frame_014194.PNG
negative-deactive,negative-deactive,frame_014195.PNG
negative-deactive,negative-deactive,frame_014196.PNG
negative-deactive,negative-deactive,frame_014197.PNG
negative-deactive,negative-deactive,frame_014198.PNG
negative-deactive,negative-deactive,frame_014199.PNG
negative-deactive,negative-deactive,frame_014200.PNG
negative-deactive,negative-deactive,frame_014201.PNG
negative-deactive,negative-deactive,frame_014202.PNG
negative-deactive,negative-deactive,frame_014203.PNG
negative-deactive,negative-deactive,frame_014204.PNG
negative-deactive,negative-deactive,frame_014205.PNG
negative-deactive,negative-deactive,frame_014206.PNG
negative-deactive,negative-deactive,frame_014207.PNG
negative-deactive,negative-deactive,frame_014208.PNG
negative-deactive,negative-deactive,frame_014209.PNG
negative-deactive,negative-deactive,frame_014218.PNG
negative-deactive,negative-deactive,frame_014219.PNG
negative-deactive,negative-deactive,frame_014220.PNG
negative-deactive,negative-deactive,frame_014221.PNG
positive-deactive,negative-deactive,frame_014222.PNG
positive-deactive,negative-deactive,frame_014223.PNG
positive-deactive,negative-deactive,frame_014224.PNG
positive-deactive,negative-deactive,frame_014225.PNG
positive-deactive,negative-deactive,frame_014226.PNG
positive-deactive,negative-deactive,frame_014227.PNG
positive-deactive,negative-deactive,frame_014228.PNG
positive-deactive,negative-deactive,frame_014229.PNG
positive-deactive,negative-deactive,frame_014230.PNG
positive-deactive,positive-deactive,frame_014231.PNG
positive-deactive,positive-deactive,frame_014232.PNG
positive-deactive,positive-deactive,frame_014233.PNG
positive-deactive,positive-deactive,frame_014234.PNG
positive-deactive,negative-active,frame_014235.PNG
positive-deactive,negative-active,frame_014236.PNG
positive-deactive,positive-deactive,frame_014237.PNG
positive-deactive,positive-deactive,frame_014238.PNG
positive-deactive,positive-deactive,frame_014239.PNG
positive-deactive,positive-deactive,frame_014240.PNG
positive-deactive,positive-active,frame_014241.PNG
positive-deactive,positive-active,frame_014242.PNG
positive-deactive,positive-active,frame_014243.PNG
positive-deactive,positive-active,frame_014244.PNG
positive-deactive,positive-active,frame_014245.PNG
positive-deactive,positive-active,frame_014246.PNG
positive-deactive,positive-active,frame_014247.PNG
positive-deactive,positive-active,frame_014248.PNG
positive-deactive,positive-active,frame_014249.PNG
positive-deactive,negative-active,frame_014262.PNG
positive-deactive,negative-active,frame_014263.PNG
positive-deactive,negative-active,frame_014264.PNG
negative-deactive,negative-active,frame_014265.PNG
negative-deactive,negative-active,frame_014266.PNG
negative-deactive,negative-active,frame_014267.PNG
negative-deactive,negative-active,frame_014268.PNG
negative-deactive,negative-active,frame_014269.PNG
negative-deactive,negative-active,frame_014270.PNG
negative-deactive,negative-active,frame_014271.PNG
negative-deactive,negative-active,frame_014272.PNG
negative-deactive,negative-active,frame_014273.PNG
negative-deactive,negative-active,frame_014274.PNG
negative-deactive,negative-active,frame_014275.PNG
negative-deactive,negative-active,frame_014276.PNG
negative-deactive,negative-active,frame_014277.PNG
negative-deactive,negative-active,frame_014278.PNG
negative-deactive,negative-active,frame_014279.PNG
negative-deactive,negative-active,frame_014280.PNG
negative-deactive,negative-active,frame_014281.PNG
negative-deactive,negative-active,frame_014282.PNG
negative-deactive,negative-active,frame_014283.PNG
negative-deactive,negative-active,frame_014284.PNG
negative-deactive,negative-active,frame_014285.PNG
negative-deactive,negative-active,frame_014286.PNG
negative-deactive,negative-active,frame_014287.PNG
negative-deactive,negative-active,frame_014288.PNG
negative-deactive,negative-active,frame_014289.PNG
negative-deactive,negative-active,frame_014290.PNG
negative-deactive,negative-active,frame_014291.PNG
negative-deactive,negative-active,frame_014292.PNG
negative-deactive,negative-active,frame_014293.PNG
negative-deactive,negative-active,frame_014294.PNG
negative-deactive,negative-active,frame_014295.PNG
negative-deactive,negative-active,frame_014296.PNG
negative-deactive,negative-active,frame_014297.PNG
negative-deactive,negative-active,frame_014298.PNG
negative-deactive,negative-active,frame_014299.PNG
negative-deactive,negative-active,frame_014300.PNG
negative-deactive,negative-active,frame_014301.PNG
negative-deactive,negative-active,frame_014302.PNG
negative-deactive,negative-active,frame_014303.PNG
negative-deactive,negative-active,frame_014304.PNG
negative-deactive,negative-active,frame_014305.PNG
negative-deactive,negative-active,frame_014306.PNG
neutral,negative-active,frame_014315.PNG
neutral,negative-active,frame_014316.PNG
neutral,negative-active,frame_014317.PNG
neutral,negative-deactive,frame_014318.PNG
neutral,negative-deactive,frame_014319.PNG
neutral,negative-deactive,frame_014320.PNG
neutral,negative-deactive,frame_014321.PNG
negative-deactive,negative-deactive,frame_014322.PNG
negative-deactive,negative-deactive,frame_014323.PNG
negative-deactive,negative-active,frame_014324.PNG
negative-deactive,negative-active,frame_014325.PNG
negative-deactive,negative-active,frame_014326.PNG
negative-deactive,negative-active,frame_014327.PNG
negative-deactive,negative-active,frame_014328.PNG
negative-deactive,negative-active,frame_014329.PNG
negative-deactive,negative-active,frame_014330.PNG
negative-deactive,negative-active,frame_014331.PNG
negative-deactive,negative-active,frame_014332.PNG
negative-deactive,negative-active,frame_014333.PNG
negative-deactive,negative-active,frame_014334.PNG
negative-deactive,negative-active,frame_014335.PNG
negative-deactive,negative-active,frame_014336.PNG
negative-deactive,negative-deactive,frame_014342.PNG
negative-deactive,negative-deactive,frame_014343.PNG
neutral,negative-deactive,frame_014344.PNG
neutral,negative-active,frame_014345.PNG
neutral,negative-active,frame_014346.PNG
neutral,negative-active,frame_014347.PNG
neutral,negative-active,frame_014348.PNG
neutral,negative-active,frame_014349.PNG
neutral,negative-active,frame_014350.PNG
neutral,negative-active,frame_014351.PNG
neutral,negative-active,frame_014352.PNG
positive-active,negative-active,frame_014353.PNG
positive-active,negative-active,frame_014354.PNG
positive-active,negative-active,frame_014355.PNG
positive-active,negative-active,frame_014356.PNG
negative-deactive,negative-deactive,frame_014366.PNG
negative-deactive,negative-deactive,frame_014367.PNG
negative-deactive,negative-deactive,frame_014368.PNG
negative-deactive,negative-deactive,frame_014369.PNG
negative-deactive,negative-deactive,frame_014370.PNG
negative-deactive,negative-deactive,frame_014371.PNG
negative-deactive,negative-deactive,frame_014372.PNG
negative-deactive,negative-deactive,frame_014373.PNG
negative-deactive,negative-deactive,frame_014374.PNG
negative-deactive,negative-deactive,frame_014375.PNG
negative-deactive,negative-deactive,frame_014376.PNG
negative-deactive,negative-deactive,frame_014377.PNG
negative-deactive,negative-deactive,frame_014378.PNG
negative-deactive,negative-deactive,frame_014379.PNG
negative-deactive,negative-deactive,frame_014380.PNG
negative-deactive,negative-deactive,frame_014381.PNG
negative-deactive,negative-deactive,frame_014382.PNG
negative-deactive,negative-deactive,frame_014383.PNG
negative-deactive,negative-deactive,frame_014384.PNG
negative-deactive,negative-deactive,frame_014385.PNG
negative-deactive,negative-deactive,frame_014386.PNG
neutral,negative-deactive,frame_014406.PNG
neutral,negative-deactive,frame_014407.PNG
neutral,negative-deactive,frame_014417.PNG
neutral,negative-deactive,frame_014418.PNG
neutral,negative-deactive,frame_014419.PNG
neutral,negative-deactive,frame_014420.PNG
neutral,negative-deactive,frame_014421.PNG
neutral,negative-deactive,frame_014422.PNG
neutral,negative-deactive,frame_014423.PNG
neutral,negative-deactive,frame_014424.PNG
neutral,negative-deactive,frame_014425.PNG
neutral,negative-deactive,frame_014426.PNG
neutral,negative-deactive,frame_014427.PNG
neutral,negative-deactive,frame_014428.PNG
neutral,negative-deactive,frame_014429.PNG
neutral,negative-deactive,frame_014430.PNG
neutral,negative-deactive,frame_014431.PNG
neutral,negative-deactive,frame_014432.PNG
neutral,negative-deactive,frame_014433.PNG
neutral,negative-deactive,frame_014434.PNG
neutral,negative-deactive,frame_014435.PNG
neutral,negative-deactive,frame_014436.PNG
neutral,negative-deactive,frame_014437.PNG
neutral,negative-deactive,frame_014438.PNG
neutral,negative-deactive,frame_014439.PNG
neutral,negative-deactive,frame_014440.PNG
neutral,negative-deactive,frame_014441.PNG
neutral,negative-deactive,frame_014442.PNG
neutral,negative-active,frame_014443.PNG
neutral,negative-active,frame_014444.PNG
neutral,negative-active,frame_014445.PNG
neutral,negative-active,frame_014446.PNG
neutral,negative-active,frame_014447.PNG
neutral,negative-active,frame_014448.PNG
neutral,negative-active,frame_014449.PNG
neutral,negative-active,frame_014450.PNG
neutral,negative-active,frame_014451.PNG
neutral,negative-active,frame_014452.PNG
neutral,negative-active,frame_014453.PNG
neutral,negative-active,frame_014454.PNG
neutral,negative-active,frame_014455.PNG
neutral,negative-active,frame_014456.PNG
neutral,negative-active,frame_014457.PNG
neutral,negative-active,frame_014458.PNG
neutral,negative-active,frame_014459.PNG
neutral,negative-active,frame_014460.PNG
neutral,negative-active,frame_014461.PNG
neutral,negative-active,frame_014462.PNG
neutral,negative-active,frame_014463.PNG
neutral,negative-active,frame_014464.PNG
neutral,negative-active,frame_014465.PNG
neutral,negative-active,frame_014466.PNG
neutral,negative-active,frame_014467.PNG
neutral,negative-active,frame_014468.PNG
neutral,negative-active,frame_014469.PNG
neutral,negative-active,frame_014470.PNG
neutral,negative-active,frame_014471.PNG
neutral,negative-active,frame_014472.PNG
neutral,negative-active,frame_014473.PNG
neutral,negative-active,frame_014474.PNG
neutral,negative-active,frame_014475.PNG
negative-deactive,negative-active,frame_014482.PNG
negative-deactive,negative-active,frame_014483.PNG
negative-deactive,negative-active,frame_014484.PNG
negative-deactive,negative-active,frame_014485.PNG
negative-deactive,negative-active,frame_014486.PNG
negative-deactive,negative-active,frame_014487.PNG
negative-deactive,negative-active,frame_014488.PNG
negative-deactive,negative-active,frame_014489.PNG
negative-deactive,negative-active,frame_014490.PNG
negative-deactive,negative-active,frame_014491.PNG
negative-deactive,negative-active,frame_014492.PNG
negative-deactive,negative-active,frame_014493.PNG
negative-deactive,negative-active,frame_014494.PNG
negative-deactive,negative-active,frame_014503.PNG
negative-deactive,negative-active,frame_014504.PNG
negative-deactive,negative-active,frame_014505.PNG
negative-deactive,negative-active,frame_014506.PNG
negative-deactive,negative-active,frame_014507.PNG
negative-deactive,negative-active,frame_014508.PNG
negative-deactive,negative-active,frame_014509.PNG
negative-deactive,negative-active,frame_014510.PNG
negative-deactive,negative-active,frame_014511.PNG
negative-deactive,negative-active,frame_014512.PNG
negative-deactive,negative-active,frame_014513.PNG
negative-deactive,negative-active,frame_014514.PNG
negative-deactive,negative-active,frame_014515.PNG
negative-deactive,negative-active,frame_014516.PNG
negative-deactive,negative-active,frame_014517.PNG
negative-deactive,negative-active,frame_014518.PNG
negative-deactive,negative-active,frame_014519.PNG
negative-deactive,negative-active,frame_014520.PNG
negative-deactive,negative-active,frame_014521.PNG
negative-deactive,negative-active,frame_014522.PNG
negative-deactive,negative-deactive,frame_014532.PNG
negative-deactive,negative-deactive,frame_014533.PNG
negative-deactive,negative-deactive,frame_014534.PNG
negative-deactive,negative-deactive,frame_014535.PNG
negative-deactive,negative-deactive,frame_014536.PNG
negative-deactive,negative-active,frame_014542.PNG
negative-deactive,negative-active,frame_014543.PNG
negative-deactive,negative-active,frame_014544.PNG
negative-deactive,negative-active,frame_014545.PNG
negative-deactive,negative-active,frame_014546.PNG
negative-deactive,negative-active,frame_014547.PNG
negative-deactive,negative-active,frame_014548.PNG
negative-deactive,negative-active,frame_014549.PNG
negative-active,negative-active,frame_014550.PNG
negative-active,negative-active,frame_014551.PNG
negative-active,negative-active,frame_014552.PNG
negative-active,negative-active,frame_014553.PNG
negative-active,negative-active,frame_014554.PNG
negative-active,negative-active,frame_014555.PNG
negative-active,negative-active,frame_014556.PNG
negative-active,negative-active,frame_014557.PNG
negative-active,negative-active,frame_014558.PNG
negative-active,negative-active,frame_014559.PNG
negative-active,negative-active,frame_014560.PNG
negative-active,negative-active,frame_014561.PNG
negative-active,negative-active,frame_014562.PNG
negative-active,negative-active,frame_014563.PNG
negative-deactive,negative-active,frame_014564.PNG
negative-deactive,negative-active,frame_014575.PNG
negative-deactive,negative-active,frame_014576.PNG
negative-deactive,negative-active,frame_014577.PNG
negative-deactive,negative-active,frame_014578.PNG
negative-deactive,negative-active,frame_014579.PNG
negative-deactive,negative-active,frame_014580.PNG
negative-deactive,negative-active,frame_014581.PNG
negative-deactive,negative-active,frame_014582.PNG
negative-deactive,negative-active,frame_014583.PNG
negative-deactive,negative-active,frame_014584.PNG
negative-deactive,negative-active,frame_014585.PNG
negative-deactive,negative-active,frame_014586.PNG
negative-deactive,negative-active,frame_014587.PNG
negative-deactive,negative-active,frame_014588.PNG
negative-deactive,negative-active,frame_014589.PNG
negative-deactive,negative-active,frame_014590.PNG
neutral,negative-active,frame_014597.PNG
neutral,negative-active,frame_014598.PNG
neutral,negative-active,frame_014599.PNG
neutral,negative-active,frame_014600.PNG
neutral,negative-active,frame_014601.PNG
neutral,negative-active,frame_014602.PNG
neutral,negative-active,frame_014603.PNG
neutral,negative-active,frame_014604.PNG
neutral,negative-active,frame_014605.PNG
neutral,negative-active,frame_014606.PNG
neutral,negative-active,frame_014607.PNG
neutral,negative-active,frame_014608.PNG
neutral,negative-active,frame_014609.PNG
neutral,negative-active,frame_014610.PNG
neutral,negative-active,frame_014611.PNG
neutral,negative-active,frame_014612.PNG
neutral,negative-active,frame_014613.PNG
neutral,negative-active,frame_014614.PNG
neutral,negative-active,frame_014615.PNG
negative-deactive,negative-active,frame_014616.PNG
negative-deactive,negative-active,frame_014617.PNG
negative-deactive,negative-deactive,frame_014622.PNG
negative-deactive,negative-deactive,frame_014623.PNG
negative-deactive,negative-deactive,frame_014624.PNG
negative-deactive,negative-active,frame_014625.PNG
negative-deactive,negative-deactive,frame_014626.PNG
negative-deactive,negative-deactive,frame_014627.PNG
negative-deactive,negative-deactive,frame_014628.PNG
negative-deactive,negative-deactive,frame_014629.PNG
negative-deactive,negative-deactive,frame_014630.PNG
neutral,negative-deactive,frame_014631.PNG
neutral,negative-deactive,frame_014632.PNG
neutral,negative-deactive,frame_014633.PNG
neutral,negative-deactive,frame_014634.PNG
neutral,negative-deactive,frame_014635.PNG
neutral,negative-deactive,frame_014636.PNG
neutral,negative-active,frame_014637.PNG
neutral,negative-active,frame_014638.PNG
neutral,negative-active,frame_014639.PNG
neutral,negative-active,frame_014640.PNG
neutral,negative-active,frame_014641.PNG
negative-deactive,negative-active,frame_014642.PNG
negative-deactive,negative-active,frame_014643.PNG
negative-deactive,negative-active,frame_014644.PNG
negative-deactive,negative-active,frame_014645.PNG
negative-deactive,negative-active,frame_014646.PNG
negative-deactive,negative-active,frame_014647.PNG
negative-deactive,negative-active,frame_014648.PNG
negative-deactive,negative-active,frame_014649.PNG
negative-deactive,negative-active,frame_014650.PNG
negative-deactive,negative-active,frame_014651.PNG
negative-deactive,negative-active,frame_014652.PNG
negative-deactive,negative-active,frame_014653.PNG
negative-deactive,negative-active,frame_014654.PNG
negative-deactive,negative-active,frame_014655.PNG
negative-deactive,negative-active,frame_014656.PNG
negative-deactive,negative-active,frame_014657.PNG
negative-deactive,negative-active,frame_014658.PNG
negative-deactive,negative-active,frame_014659.PNG
negative-deactive,negative-active,frame_014660.PNG
negative-deactive,negative-active,frame_014661.PNG
negative-deactive,negative-active,frame_014662.PNG
negative-deactive,negative-active,frame_014663.PNG
negative-deactive,negative-active,frame_014664.PNG
negative-deactive,negative-active,frame_014665.PNG
negative-deactive,negative-active,frame_014666.PNG
negative-deactive,negative-active,frame_014667.PNG
negative-deactive,negative-active,frame_014668.PNG
negative-deactive,negative-active,frame_014669.PNG
negative-deactive,negative-active,frame_014670.PNG
negative-deactive,negative-active,frame_014671.PNG
negative-active,negative-active,frame_014672.PNG
negative-active,negative-active,frame_014673.PNG
negative-active,negative-active,frame_014674.PNG
negative-active,negative-deactive,frame_014675.PNG
positive-active,negative-deactive,frame_014682.PNG
positive-active,negative-deactive,frame_014683.PNG
positive-active,negative-deactive,frame_014684.PNG
positive-active,negative-deactive,frame_014685.PNG
positive-active,negative-active,frame_014686.PNG
positive-active,negative-active,frame_014687.PNG
positive-active,negative-active,frame_014688.PNG
positive-active,negative-active,frame_014689.PNG
positive-active,negative-active,frame_014690.PNG
positive-active,negative-active,frame_014691.PNG
positive-active,negative-active,frame_014692.PNG
positive-active,negative-active,frame_014693.PNG
positive-active,negative-active,frame_014694.PNG
positive-active,negative-deactive,frame_014695.PNG
positive-active,negative-deactive,frame_014696.PNG
positive-active,negative-deactive,frame_014704.PNG
positive-active,negative-deactive,frame_014705.PNG
positive-active,negative-deactive,frame_014706.PNG
positive-active,negative-deactive,frame_014707.PNG
positive-active,negative-deactive,frame_014708.PNG
positive-active,negative-deactive,frame_014709.PNG
positive-active,negative-deactive,frame_014710.PNG
positive-active,positive-active,frame_014711.PNG
positive-active,positive-active,frame_014712.PNG
positive-active,positive-active,frame_014713.PNG
positive-active,positive-active,frame_014714.PNG
positive-active,positive-active,frame_014715.PNG
positive-active,positive-active,frame_014716.PNG
positive-active,positive-active,frame_014717.PNG
positive-active,positive-active,frame_014718.PNG
positive-active,positive-deactive,frame_014719.PNG
positive-active,positive-deactive,frame_014720.PNG
negative-active,negative-active,frame_014728.PNG
negative-active,negative-active,frame_014729.PNG
negative-active,negative-active,frame_014730.PNG
negative-active,negative-active,frame_014731.PNG
positive-deactive,negative-active,frame_014734.PNG
positive-deactive,negative-active,frame_014735.PNG
positive-deactive,negative-active,frame_014736.PNG
positive-deactive,negative-active,frame_014737.PNG
positive-deactive,negative-active,frame_014738.PNG
positive-deactive,negative-active,frame_014739.PNG
positive-deactive,negative-active,frame_014740.PNG
positive-deactive,negative-active,frame_014741.PNG
positive-deactive,negative-deactive,frame_014742.PNG
positive-deactive,negative-deactive,frame_014743.PNG
negative-deactive,negative-deactive,frame_014744.PNG
negative-deactive,negative-deactive,frame_014745.PNG
negative-deactive,negative-deactive,frame_014746.PNG
negative-deactive,negative-deactive,frame_014747.PNG
negative-deactive,negative-deactive,frame_014748.PNG
negative-deactive,negative-deactive,frame_014749.PNG
negative-deactive,negative-deactive,frame_014750.PNG
negative-deactive,negative-deactive,frame_014751.PNG
negative-deactive,negative-deactive,frame_014752.PNG
negative-deactive,negative-deactive,frame_014753.PNG
negative-deactive,negative-deactive,frame_014754.PNG
negative-deactive,negative-deactive,frame_014755.PNG
negative-deactive,negative-deactive,frame_014756.PNG
negative-deactive,negative-deactive,frame_014765.PNG
negative-deactive,negative-deactive,frame_014766.PNG
negative-deactive,negative-deactive,frame_014767.PNG
negative-deactive,negative-deactive,frame_014768.PNG
negative-deactive,negative-deactive,frame_014769.PNG
neutral,negative-deactive,frame_014770.PNG
neutral,negative-deactive,frame_014771.PNG
neutral,negative-deactive,frame_014772.PNG
neutral,negative-deactive,frame_014773.PNG
neutral,negative-deactive,frame_014774.PNG
neutral,negative-deactive,frame_014775.PNG
neutral,negative-deactive,frame_014776.PNG
neutral,negative-deactive,frame_014777.PNG
neutral,negative-deactive,frame_014778.PNG
neutral,negative-deactive,frame_014779.PNG
neutral,negative-deactive,frame_014780.PNG
neutral,negative-deactive,frame_014781.PNG
negative-deactive,negative-deactive,frame_014795.PNG
negative-deactive,negative-deactive,frame_014796.PNG
negative-deactive,negative-deactive,frame_014797.PNG
negative-deactive,negative-deactive,frame_014798.PNG
negative-deactive,negative-deactive,frame_014799.PNG
negative-deactive,negative-active,frame_014828.PNG
negative-deactive,negative-active,frame_014829.PNG
negative-deactive,negative-active,frame_014830.PNG
negative-deactive,negative-active,frame_014837.PNG
negative-deactive,negative-active,frame_014838.PNG
negative-deactive,negative-active,frame_014839.PNG
negative-deactive,negative-active,frame_014840.PNG
negative-deactive,negative-active,frame_014841.PNG
negative-deactive,negative-active,frame_014842.PNG
negative-deactive,negative-active,frame_014843.PNG
negative-deactive,negative-active,frame_014844.PNG
negative-deactive,negative-active,frame_014845.PNG
negative-deactive,negative-active,frame_014850.PNG
negative-deactive,negative-active,frame_014851.PNG
negative-deactive,negative-active,frame_014852.PNG
negative-deactive,negative-active,frame_014853.PNG
negative-deactive,negative-active,frame_014854.PNG
negative-deactive,negative-active,frame_014855.PNG
negative-deactive,negative-active,frame_014856.PNG
negative-deactive,negative-active,frame_014857.PNG
negative-deactive,negative-active,frame_014858.PNG
negative-deactive,negative-active,frame_014859.PNG
neutral,negative-deactive,frame_014867.PNG
neutral,negative-deactive,frame_014868.PNG
neutral,negative-deactive,frame_014869.PNG
neutral,negative-active,frame_014870.PNG
neutral,negative-active,frame_014871.PNG
neutral,negative-active,frame_014872.PNG
neutral,negative-active,frame_014873.PNG
neutral,negative-active,frame_014874.PNG
neutral,negative-active,frame_014875.PNG
neutral,negative-active,frame_014876.PNG
neutral,negative-active,frame_014877.PNG
neutral,negative-active,frame_014878.PNG
negative-deactive,negative-deactive,frame_014885.PNG
negative-deactive,negative-deactive,frame_014886.PNG
negative-deactive,negative-deactive,frame_014887.PNG
negative-deactive,negative-deactive,frame_014888.PNG
negative-deactive,negative-deactive,frame_014889.PNG
negative-deactive,negative-deactive,frame_014898.PNG
negative-deactive,negative-deactive,frame_014899.PNG
negative-deactive,negative-deactive,frame_014900.PNG
negative-deactive,negative-deactive,frame_014901.PNG
negative-deactive,negative-deactive,frame_014902.PNG
negative-deactive,negative-deactive,frame_014903.PNG
negative-deactive,negative-deactive,frame_014904.PNG
negative-deactive,negative-deactive,frame_014905.PNG
negative-deactive,negative-deactive,frame_014906.PNG
negative-deactive,negative-active,frame_014913.PNG
negative-deactive,negative-active,frame_014914.PNG
negative-deactive,negative-active,frame_014915.PNG
negative-deactive,negative-active,frame_014916.PNG
negative-deactive,negative-active,frame_014917.PNG
negative-deactive,negative-active,frame_014918.PNG
negative-deactive,negative-active,frame_014919.PNG
negative-deactive,negative-active,frame_014920.PNG
negative-deactive,negative-active,frame_014921.PNG
negative-deactive,negative-active,frame_014922.PNG
negative-deactive,negative-active,frame_014923.PNG
negative-deactive,negative-active,frame_014924.PNG
negative-deactive,negative-active,frame_014925.PNG
negative-deactive,negative-active,frame_014926.PNG
negative-deactive,negative-active,frame_014927.PNG
negative-deactive,negative-active,frame_014928.PNG
negative-deactive,negative-active,frame_014929.PNG
negative-deactive,negative-active,frame_014930.PNG
negative-deactive,negative-active,frame_014931.PNG
negative-deactive,negative-active,frame_014932.PNG
negative-deactive,negative-active,frame_014933.PNG
negative-deactive,negative-active,frame_014934.PNG
negative-deactive,negative-active,frame_014935.PNG
negative-deactive,negative-active,frame_014936.PNG
negative-deactive,negative-active,frame_014946.PNG
negative-deactive,negative-active,frame_014947.PNG
negative-deactive,negative-active,frame_014948.PNG
negative-deactive,negative-active,frame_014949.PNG
negative-deactive,negative-active,frame_014952.PNG
negative-deactive,negative-active,frame_014953.PNG
negative-deactive,negative-active,frame_014954.PNG
negative-deactive,negative-active,frame_014955.PNG
negative-deactive,negative-active,frame_014956.PNG
negative-deactive,negative-active,frame_014957.PNG
negative-deactive,negative-active,frame_014958.PNG
negative-deactive,negative-active,frame_014959.PNG
negative-deactive,negative-active,frame_014960.PNG
negative-deactive,negative-deactive,frame_014966.PNG
negative-deactive,negative-deactive,frame_014967.PNG
negative-deactive,negative-deactive,frame_014968.PNG
negative-deactive,negative-deactive,frame_014969.PNG
negative-deactive,negative-deactive,frame_014970.PNG
negative-deactive,negative-deactive,frame_014971.PNG
negative-deactive,negative-active,frame_014972.PNG
negative-deactive,negative-active,frame_014973.PNG
negative-deactive,negative-active,frame_014974.PNG
negative-deactive,negative-active,frame_014975.PNG
negative-deactive,negative-active,frame_014976.PNG
negative-deactive,negative-active,frame_014977.PNG
negative-deactive,negative-active,frame_014978.PNG
negative-deactive,negative-active,frame_014979.PNG
negative-deactive,negative-active,frame_014980.PNG
negative-deactive,negative-active,frame_014981.PNG
negative-deactive,negative-active,frame_014982.PNG
negative-deactive,negative-active,frame_014983.PNG
negative-deactive,negative-active,frame_014984.PNG
negative-deactive,negative-active,frame_014986.PNG
negative-deactive,negative-active,frame_014987.PNG
negative-deactive,negative-active,frame_014988.PNG
negative-deactive,negative-active,frame_014989.PNG
negative-deactive,negative-active,frame_014993.PNG
negative-deactive,negative-active,frame_014994.PNG
negative-deactive,negative-active,frame_014996.PNG
negative-deactive,negative-active,frame_014997.PNG
negative-deactive,negative-active,frame_014998.PNG
negative-deactive,negative-active,frame_014999.PNG
negative-deactive,negative-active,frame_015000.PNG
negative-deactive,negative-active,frame_015001.PNG
negative-deactive,negative-active,frame_015002.PNG
negative-deactive,negative-active,frame_015003.PNG
negative-deactive,negative-active,frame_015004.PNG
negative-deactive,negative-active,frame_015005.PNG
negative-deactive,negative-active,frame_015006.PNG
negative-deactive,negative-active,frame_015007.PNG
positive-deactive,negative-active,frame_015008.PNG
positive-deactive,positive-deactive,frame_015009.PNG
positive-deactive,positive-deactive,frame_015010.PNG
positive-deactive,positive-deactive,frame_015011.PNG
positive-deactive,positive-deactive,frame_015012.PNG
positive-deactive,positive-deactive,frame_015013.PNG
positive-deactive,positive-deactive,frame_015014.PNG
positive-deactive,positive-deactive,frame_015015.PNG
positive-deactive,positive-deactive,frame_015016.PNG
positive-deactive,positive-deactive,frame_015017.PNG
positive-deactive,positive-deactive,frame_015018.PNG
positive-deactive,positive-deactive,frame_015019.PNG
positive-deactive,positive-deactive,frame_015020.PNG
positive-deactive,positive-deactive,frame_015021.PNG
positive-deactive,positive-deactive,frame_015022.PNG
positive-deactive,positive-deactive,frame_015023.PNG
positive-deactive,positive-deactive,frame_015024.PNG
positive-deactive,positive-deactive,frame_015025.PNG
positive-deactive,positive-deactive,frame_015026.PNG
positive-deactive,positive-deactive,frame_015027.PNG
positive-deactive,negative-deactive,frame_015037.PNG
positive-deactive,negative-deactive,frame_015038.PNG
positive-deactive,negative-deactive,frame_015039.PNG
positive-deactive,negative-deactive,frame_015040.PNG
positive-deactive,negative-active,frame_015041.PNG
positive-deactive,negative-active,frame_015042.PNG
positive-deactive,negative-active,frame_015043.PNG
positive-deactive,negative-active,frame_015044.PNG
negative-deactive,negative-active,frame_015045.PNG
negative-deactive,negative-active,frame_015046.PNG
negative-deactive,negative-active,frame_015047.PNG
negative-deactive,negative-active,frame_015048.PNG
negative-deactive,negative-active,frame_015049.PNG
negative-deactive,neutral,frame_015050.PNG
negative-deactive,neutral,frame_015051.PNG
negative-deactive,neutral,frame_015052.PNG
negative-deactive,neutral,frame_015053.PNG
negative-deactive,neutral,frame_015054.PNG
negative-deactive,neutral,frame_015055.PNG
negative-deactive,neutral,frame_015056.PNG
negative-deactive,neutral,frame_015057.PNG
negative-deactive,neutral,frame_015058.PNG
negative-deactive,neutral,frame_015059.PNG
negative-deactive,neutral,frame_015060.PNG
negative-deactive,neutral,frame_015061.PNG
negative-deactive,neutral,frame_015062.PNG
negative-deactive,neutral,frame_015063.PNG
negative-deactive,neutral,frame_015064.PNG
negative-deactive,neutral,frame_015065.PNG
negative-deactive,neutral,frame_015066.PNG
negative-deactive,neutral,frame_015067.PNG
negative-deactive,neutral,frame_015068.PNG
negative-deactive,neutral,frame_015069.PNG
negative-deactive,neutral,frame_015070.PNG
negative-deactive,neutral,frame_015071.PNG
negative-deactive,neutral,frame_015072.PNG
negative-deactive,neutral,frame_015073.PNG
negative-deactive,neutral,frame_015074.PNG
negative-deactive,neutral,frame_015075.PNG
negative-deactive,neutral,frame_015076.PNG
negative-deactive,neutral,frame_015077.PNG
negative-deactive,neutral,frame_015078.PNG
negative-deactive,neutral,frame_015079.PNG
negative-deactive,neutral,frame_015080.PNG
negative-deactive,neutral,frame_015081.PNG
negative-deactive,neutral,frame_015082.PNG
negative-deactive,neutral,frame_015083.PNG
negative-deactive,positive-deactive,frame_015084.PNG
negative-deactive,positive-deactive,frame_015085.PNG
negative-deactive,positive-deactive,frame_015086.PNG
negative-deactive,positive-deactive,frame_015087.PNG
negative-deactive,positive-deactive,frame_015088.PNG
negative-deactive,positive-deactive,frame_015089.PNG
negative-deactive,positive-deactive,frame_015090.PNG
negative-deactive,positive-deactive,frame_015091.PNG
negative-deactive,positive-deactive,frame_015092.PNG
negative-deactive,positive-deactive,frame_015093.PNG
negative-deactive,positive-deactive,frame_015094.PNG
negative-deactive,positive-deactive,frame_015095.PNG
negative-deactive,positive-deactive,frame_015096.PNG
negative-deactive,positive-deactive,frame_015097.PNG
negative-deactive,positive-deactive,frame_015098.PNG
negative-deactive,positive-deactive,frame_015099.PNG
negative-deactive,positive-deactive,frame_015100.PNG
negative-deactive,positive-deactive,frame_015101.PNG
negative-deactive,positive-deactive,frame_015102.PNG
negative-deactive,positive-deactive,frame_015103.PNG
negative-deactive,positive-deactive,frame_015104.PNG
negative-deactive,positive-deactive,frame_015105.PNG
negative-deactive,positive-deactive,frame_015106.PNG
negative-deactive,positive-deactive,frame_015107.PNG
positive-deactive,positive-deactive,frame_015108.PNG
positive-deactive,positive-deactive,frame_015109.PNG
positive-deactive,positive-deactive,frame_015110.PNG
positive-deactive,positive-deactive,frame_015111.PNG
positive-deactive,positive-deactive,frame_015112.PNG
positive-deactive,positive-deactive,frame_015113.PNG
positive-deactive,positive-deactive,frame_015114.PNG
positive-deactive,positive-deactive,frame_015115.PNG
positive-deactive,positive-deactive,frame_015116.PNG
positive-deactive,positive-deactive,frame_015117.PNG
positive-deactive,positive-deactive,frame_015118.PNG
positive-deactive,positive-deactive,frame_015119.PNG
negative-deactive,positive-deactive,frame_015120.PNG
negative-deactive,positive-deactive,frame_015121.PNG
positive-active,positive-deactive,frame_015122.PNG
positive-active,positive-active,frame_015124.PNG
positive-active,positive-active,frame_015125.PNG
positive-active,positive-active,frame_015126.PNG
positive-active,negative-active,frame_015127.PNG
positive-active,negative-active,frame_015128.PNG
positive-active,negative-active,frame_015129.PNG
positive-active,negative-active,frame_015130.PNG
positive-active,negative-deactive,frame_015131.PNG
positive-active,negative-deactive,frame_015132.PNG
positive-active,negative-deactive,frame_015133.PNG
positive-active,negative-deactive,frame_015134.PNG
positive-active,negative-deactive,frame_015135.PNG
positive-active,negative-deactive,frame_015136.PNG
positive-active,negative-deactive,frame_015137.PNG
positive-active,negative-active,frame_015138.PNG
positive-active,negative-active,frame_015139.PNG
positive-active,negative-active,frame_015140.PNG
positive-active,negative-active,frame_015141.PNG
positive-active,negative-active,frame_015142.PNG
positive-active,negative-active,frame_015143.PNG
positive-active,negative-active,frame_015144.PNG
positive-active,negative-active,frame_015145.PNG
positive-active,negative-active,frame_015146.PNG
positive-active,positive-deactive,frame_015147.PNG
positive-active,positive-deactive,frame_015148.PNG
positive-active,positive-deactive,frame_015149.PNG
positive-active,positive-active,frame_015150.PNG
positive-active,positive-deactive,frame_015151.PNG
positive-active,positive-deactive,frame_015152.PNG
positive-active,positive-deactive,frame_015153.PNG
positive-active,negative-deactive,frame_015154.PNG
positive-active,negative-deactive,frame_015155.PNG
positive-active,positive-deactive,frame_015156.PNG
positive-active,positive-deactive,frame_015157.PNG
positive-active,positive-deactive,frame_015158.PNG
positive-active,positive-deactive,frame_015159.PNG
positive-active,negative-deactive,frame_015160.PNG
positive-active,negative-deactive,frame_015161.PNG
positive-active,positive-deactive,frame_015162.PNG
positive-active,positive-deactive,frame_015163.PNG
positive-active,positive-deactive,frame_015164.PNG
positive-active,positive-active,frame_015165.PNG
positive-active,positive-active,frame_015166.PNG
positive-active,positive-active,frame_015167.PNG
positive-active,positive-active,frame_015168.PNG
positive-active,positive-active,frame_015169.PNG
positive-active,positive-active,frame_015170.PNG
positive-active,positive-active,frame_015171.PNG
positive-active,positive-active,frame_015172.PNG
positive-active,positive-active,frame_015173.PNG
positive-active,positive-active,frame_015174.PNG
positive-active,positive-active,frame_015175.PNG
positive-active,positive-active,frame_015176.PNG
positive-active,positive-active,frame_015177.PNG
positive-active,positive-active,frame_015209.PNG
positive-active,positive-active,frame_015210.PNG
positive-active,positive-active,frame_015211.PNG
positive-active,positive-active,frame_015212.PNG
positive-active,positive-active,frame_015213.PNG
positive-active,positive-active,frame_015214.PNG
positive-active,positive-active,frame_015215.PNG
positive-active,positive-active,frame_015216.PNG
positive-active,positive-active,frame_015217.PNG
positive-active,positive-active,frame_015218.PNG
positive-active,positive-active,frame_015219.PNG
positive-active,positive-active,frame_015220.PNG
positive-active,positive-active,frame_015221.PNG
positive-active,positive-active,frame_015222.PNG
positive-active,positive-active,frame_015223.PNG
positive-active,positive-active,frame_015224.PNG
positive-active,positive-active,frame_015225.PNG
positive-active,positive-active,frame_015226.PNG
positive-active,positive-active,frame_015227.PNG
positive-active,positive-active,frame_015228.PNG
positive-active,positive-active,frame_015229.PNG
positive-active,positive-active,frame_015230.PNG
positive-active,positive-active,frame_015231.PNG
positive-active,positive-active,frame_015232.PNG
positive-active,positive-active,frame_015233.PNG
positive-active,positive-active,frame_015234.PNG
positive-active,positive-active,frame_015235.PNG
positive-active,positive-active,frame_015236.PNG
positive-active,positive-active,frame_015237.PNG
positive-active,positive-active,frame_015238.PNG
positive-active,positive-active,frame_015239.PNG
positive-active,positive-active,frame_015240.PNG
positive-active,positive-active,frame_015241.PNG
positive-active,positive-active,frame_015242.PNG
positive-active,positive-active,frame_015243.PNG
positive-active,positive-active,frame_015244.PNG
positive-active,positive-active,frame_015245.PNG
neutral,negative-active,frame_015280.PNG
neutral,negative-active,frame_015281.PNG
neutral,negative-active,frame_015282.PNG
neutral,negative-active,frame_015283.PNG
neutral,negative-active,frame_015284.PNG
neutral,negative-active,frame_015285.PNG
neutral,negative-active,frame_015286.PNG
positive-deactive,negative-deactive,frame_015294.PNG
positive-deactive,negative-deactive,frame_015295.PNG
positive-deactive,negative-deactive,frame_015296.PNG
negative-deactive,negative-deactive,frame_015297.PNG
negative-deactive,negative-deactive,frame_015298.PNG
negative-deactive,negative-deactive,frame_015299.PNG
negative-deactive,negative-deactive,frame_015300.PNG
negative-deactive,negative-deactive,frame_015301.PNG
negative-deactive,negative-deactive,frame_015302.PNG
negative-deactive,negative-deactive,frame_015303.PNG
negative-deactive,negative-deactive,frame_015304.PNG
negative-deactive,negative-deactive,frame_015305.PNG
negative-deactive,negative-deactive,frame_015306.PNG
negative-deactive,negative-deactive,frame_015307.PNG
negative-deactive,negative-deactive,frame_015308.PNG
negative-deactive,negative-deactive,frame_015309.PNG
negative-deactive,negative-deactive,frame_015310.PNG
negative-deactive,negative-deactive,frame_015311.PNG
negative-deactive,negative-deactive,frame_015312.PNG
negative-deactive,negative-deactive,frame_015313.PNG
negative-deactive,negative-deactive,frame_015314.PNG
negative-deactive,negative-deactive,frame_015326.PNG
negative-deactive,negative-deactive,frame_015327.PNG
negative-deactive,negative-deactive,frame_015328.PNG
negative-deactive,negative-deactive,frame_015329.PNG
negative-deactive,negative-deactive,frame_015330.PNG
negative-deactive,negative-deactive,frame_015331.PNG
negative-deactive,negative-deactive,frame_015332.PNG
negative-deactive,negative-deactive,frame_015333.PNG
negative-deactive,negative-deactive,frame_015334.PNG
negative-deactive,negative-deactive,frame_015335.PNG
negative-deactive,negative-deactive,frame_015336.PNG
negative-deactive,negative-deactive,frame_015337.PNG
negative-deactive,negative-deactive,frame_015338.PNG
negative-deactive,negative-deactive,frame_015339.PNG
negative-deactive,negative-deactive,frame_015355.PNG
positive-deactive,negative-deactive,frame_015356.PNG
positive-deactive,negative-deactive,frame_015357.PNG
positive-deactive,negative-deactive,frame_015358.PNG
positive-deactive,negative-deactive,frame_015359.PNG
positive-deactive,negative-deactive,frame_015360.PNG
positive-deactive,negative-deactive,frame_015361.PNG
positive-deactive,negative-deactive,frame_015362.PNG
positive-deactive,negative-deactive,frame_015363.PNG
positive-deactive,negative-deactive,frame_015364.PNG
positive-deactive,negative-deactive,frame_015365.PNG
positive-deactive,negative-deactive,frame_015366.PNG
positive-deactive,negative-deactive,frame_015367.PNG
positive-deactive,negative-deactive,frame_015368.PNG
positive-deactive,negative-deactive,frame_015369.PNG
positive-deactive,negative-deactive,frame_015370.PNG
positive-deactive,negative-deactive,frame_015377.PNG
positive-deactive,negative-deactive,frame_015378.PNG
positive-deactive,negative-deactive,frame_015379.PNG
positive-deactive,negative-deactive,frame_015380.PNG
positive-deactive,negative-deactive,frame_015381.PNG
positive-deactive,negative-deactive,frame_015382.PNG
positive-deactive,negative-deactive,frame_015383.PNG
positive-deactive,negative-deactive,frame_015384.PNG
positive-deactive,negative-deactive,frame_015385.PNG
negative-deactive,negative-deactive,frame_015393.PNG
neutral,negative-deactive,frame_015394.PNG
neutral,negative-deactive,frame_015395.PNG
neutral,negative-deactive,frame_015396.PNG
neutral,negative-deactive,frame_015397.PNG
neutral,negative-deactive,frame_015398.PNG
neutral,negative-active,frame_015399.PNG
neutral,negative-active,frame_015400.PNG
neutral,negative-active,frame_015401.PNG
neutral,negative-active,frame_015402.PNG
neutral,negative-active,frame_015403.PNG
neutral,negative-active,frame_015404.PNG
neutral,negative-active,frame_015405.PNG
neutral,negative-active,frame_015406.PNG
negative-deactive,negative-deactive,frame_015413.PNG
negative-deactive,negative-deactive,frame_015414.PNG
negative-deactive,negative-deactive,frame_015415.PNG
negative-deactive,negative-deactive,frame_015416.PNG
negative-deactive,negative-active,frame_015424.PNG
negative-deactive,negative-active,frame_015425.PNG
positive-deactive,negative-active,frame_015432.PNG
positive-deactive,negative-active,frame_015433.PNG
positive-deactive,negative-active,frame_015434.PNG
positive-deactive,negative-active,frame_015435.PNG
positive-deactive,negative-active,frame_015436.PNG
positive-deactive,negative-active,frame_015437.PNG
positive-deactive,positive-deactive,frame_015438.PNG
positive-deactive,positive-deactive,frame_015439.PNG
positive-deactive,positive-deactive,frame_015440.PNG
positive-deactive,positive-active,frame_015441.PNG
positive-deactive,positive-active,frame_015442.PNG
positive-deactive,positive-active,frame_015443.PNG
positive-deactive,positive-active,frame_015444.PNG
positive-deactive,positive-active,frame_015445.PNG
positive-deactive,positive-active,frame_015446.PNG
positive-deactive,positive-active,frame_015447.PNG
positive-deactive,positive-active,frame_015448.PNG
positive-deactive,positive-active,frame_015449.PNG
positive-deactive,positive-active,frame_015450.PNG
positive-deactive,positive-active,frame_015451.PNG
positive-deactive,positive-active,frame_015452.PNG
positive-deactive,positive-active,frame_015453.PNG
positive-deactive,positive-active,frame_015454.PNG
positive-deactive,positive-active,frame_015455.PNG
positive-deactive,positive-active,frame_015456.PNG
positive-deactive,positive-active,frame_015457.PNG
positive-active,negative-active,frame_015465.PNG
positive-active,negative-active,frame_015466.PNG
positive-active,negative-active,frame_015467.PNG
positive-active,negative-active,frame_015468.PNG
positive-active,negative-deactive,frame_015469.PNG
positive-active,negative-deactive,frame_015470.PNG
positive-active,negative-deactive,frame_015471.PNG
positive-active,negative-deactive,frame_015472.PNG
positive-active,negative-deactive,frame_015473.PNG
neutral,negative-deactive,frame_015487.PNG
neutral,negative-active,frame_015488.PNG
neutral,negative-active,frame_015489.PNG
positive-deactive,negative-active,frame_015490.PNG
positive-deactive,negative-active,frame_015491.PNG
positive-deactive,negative-active,frame_015492.PNG
positive-deactive,negative-active,frame_015493.PNG
positive-deactive,negative-active,frame_015494.PNG
positive-deactive,negative-active,frame_015495.PNG
positive-deactive,negative-active,frame_015496.PNG
positive-deactive,negative-active,frame_015497.PNG
positive-deactive,negative-active,frame_015498.PNG
positive-deactive,negative-active,frame_015499.PNG
positive-deactive,negative-active,frame_015500.PNG
negative-deactive,negative-active,frame_015507.PNG
neutral,negative-active,frame_015508.PNG
neutral,negative-active,frame_015509.PNG
neutral,negative-active,frame_015510.PNG
neutral,negative-active,frame_015511.PNG
neutral,negative-active,frame_015512.PNG
neutral,negative-active,frame_015513.PNG
neutral,negative-active,frame_015514.PNG
neutral,negative-active,frame_015515.PNG
neutral,negative-active,frame_015516.PNG
neutral,negative-active,frame_015517.PNG
neutral,negative-active,frame_015518.PNG
neutral,negative-active,frame_015519.PNG
neutral,negative-active,frame_015520.PNG
neutral,negative-active,frame_015521.PNG
neutral,negative-active,frame_015522.PNG
neutral,negative-active,frame_015523.PNG
negative-deactive,negative-active,frame_015533.PNG
negative-deactive,negative-active,frame_015534.PNG
negative-deactive,negative-active,frame_015535.PNG
negative-deactive,negative-active,frame_015536.PNG
negative-deactive,negative-active,frame_015537.PNG
neutral,negative-active,frame_015538.PNG
neutral,negative-active,frame_015539.PNG
neutral,negative-active,frame_015540.PNG
neutral,negative-active,frame_015541.PNG
neutral,neutral,frame_015542.PNG
neutral,neutral,frame_015543.PNG
neutral,neutral,frame_015544.PNG
neutral,neutral,frame_015545.PNG
neutral,neutral,frame_015546.PNG
neutral,neutral,frame_015547.PNG
neutral,neutral,frame_015548.PNG
neutral,neutral,frame_015549.PNG
neutral,neutral,frame_015550.PNG
negative-deactive,negative-deactive,frame_015558.PNG
negative-deactive,negative-deactive,frame_015559.PNG
negative-deactive,negative-deactive,frame_015560.PNG
negative-deactive,negative-deactive,frame_015561.PNG
negative-deactive,negative-deactive,frame_015562.PNG
negative-deactive,negative-deactive,frame_015563.PNG
negative-deactive,negative-deactive,frame_015564.PNG
negative-deactive,negative-deactive,frame_015565.PNG
negative-deactive,negative-deactive,frame_015566.PNG
negative-deactive,negative-deactive,frame_015567.PNG
negative-deactive,negative-deactive,frame_015568.PNG
negative-deactive,negative-deactive,frame_015569.PNG
negative-deactive,negative-deactive,frame_015570.PNG
negative-deactive,negative-deactive,frame_015571.PNG
negative-deactive,negative-deactive,frame_015572.PNG
negative-deactive,negative-deactive,frame_015573.PNG
negative-deactive,negative-deactive,frame_015574.PNG
negative-deactive,negative-deactive,frame_015575.PNG
negative-deactive,negative-deactive,frame_015576.PNG
negative-deactive,negative-deactive,frame_015577.PNG
negative-deactive,negative-deactive,frame_015578.PNG
negative-deactive,negative-deactive,frame_015579.PNG
negative-deactive,negative-active,frame_015580.PNG
negative-deactive,negative-active,frame_015581.PNG
negative-deactive,negative-active,frame_015582.PNG
negative-deactive,negative-active,frame_015583.PNG
negative-deactive,negative-active,frame_015584.PNG
negative-deactive,negative-active,frame_015585.PNG
negative-deactive,negative-active,frame_015586.PNG
negative-deactive,negative-active,frame_015587.PNG
negative-deactive,negative-active,frame_015588.PNG
negative-deactive,negative-active,frame_015589.PNG
negative-deactive,negative-active,frame_015590.PNG
negative-deactive,negative-active,frame_015591.PNG
negative-deactive,negative-active,frame_015592.PNG
negative-deactive,negative-active,frame_015593.PNG
negative-deactive,negative-active,frame_015594.PNG
negative-deactive,negative-active,frame_015595.PNG
negative-deactive,negative-active,frame_015596.PNG
negative-deactive,negative-active,frame_015597.PNG
negative-deactive,negative-active,frame_015598.PNG
negative-deactive,negative-active,frame_015599.PNG
negative-deactive,negative-deactive,frame_015606.PNG
negative-deactive,negative-deactive,frame_015607.PNG
negative-deactive,negative-deactive,frame_015608.PNG
negative-deactive,negative-active,frame_015609.PNG
negative-deactive,negative-active,frame_015610.PNG
negative-deactive,negative-active,frame_015611.PNG
negative-deactive,negative-active,frame_015612.PNG
negative-deactive,negative-active,frame_015613.PNG
negative-deactive,negative-active,frame_015614.PNG
negative-deactive,negative-active,frame_015615.PNG
negative-deactive,negative-active,frame_015616.PNG
negative-deactive,negative-active,frame_015617.PNG
negative-deactive,negative-active,frame_015618.PNG
negative-deactive,negative-active,frame_015619.PNG
negative-deactive,negative-active,frame_015620.PNG
negative-deactive,negative-active,frame_015621.PNG
positive-deactive,negative-active,frame_015622.PNG
positive-deactive,negative-active,frame_015623.PNG
positive-deactive,negative-active,frame_015624.PNG
positive-deactive,negative-active,frame_015625.PNG
positive-deactive,negative-active,frame_015626.PNG
positive-deactive,negative-active,frame_015627.PNG
positive-deactive,negative-active,frame_015628.PNG
positive-deactive,negative-active,frame_015629.PNG
positive-deactive,negative-active,frame_015630.PNG
positive-deactive,negative-active,frame_015631.PNG
positive-deactive,negative-active,frame_015632.PNG
positive-deactive,negative-active,frame_015633.PNG
positive-deactive,negative-active,frame_015634.PNG
positive-deactive,negative-active,frame_015635.PNG
positive-deactive,negative-active,frame_015636.PNG
positive-deactive,negative-active,frame_015637.PNG
positive-deactive,positive-deactive,frame_015638.PNG
positive-deactive,positive-deactive,frame_015639.PNG
positive-deactive,negative-deactive,frame_015640.PNG
positive-active,negative-deactive,frame_015641.PNG
positive-active,negative-active,frame_015642.PNG
positive-active,negative-active,frame_015643.PNG
positive-active,negative-active,frame_015644.PNG
positive-active,negative-deactive,frame_015645.PNG
positive-deactive,negative-active,frame_015655.PNG
positive-deactive,negative-active,frame_015656.PNG
positive-deactive,negative-active,frame_015657.PNG
positive-deactive,negative-active,frame_015658.PNG
positive-deactive,negative-active,frame_015659.PNG
positive-deactive,negative-active,frame_015660.PNG
positive-deactive,negative-active,frame_015661.PNG
positive-deactive,negative-active,frame_015662.PNG
positive-deactive,negative-deactive,frame_015663.PNG
positive-deactive,negative-deactive,frame_015664.PNG
positive-deactive,negative-deactive,frame_015665.PNG
positive-deactive,negative-deactive,frame_015666.PNG
positive-deactive,negative-deactive,frame_015667.PNG
positive-deactive,negative-deactive,frame_015668.PNG
positive-deactive,negative-deactive,frame_015674.PNG
positive-deactive,negative-deactive,frame_015675.PNG
positive-deactive,negative-active,frame_015676.PNG
positive-deactive,negative-active,frame_015677.PNG
positive-deactive,negative-active,frame_015678.PNG
positive-deactive,negative-active,frame_015679.PNG
positive-deactive,negative-active,frame_015680.PNG
positive-deactive,negative-active,frame_015681.PNG
negative-deactive,negative-deactive,frame_015703.PNG
negative-deactive,negative-deactive,frame_015704.PNG
negative-deactive,negative-deactive,frame_015705.PNG
negative-deactive,negative-deactive,frame_015706.PNG
negative-deactive,negative-deactive,frame_015707.PNG
neutral,negative-deactive,frame_015708.PNG
neutral,negative-deactive,frame_015709.PNG
neutral,negative-deactive,frame_015710.PNG
neutral,negative-deactive,frame_015711.PNG
neutral,negative-deactive,frame_015712.PNG
neutral,negative-deactive,frame_015713.PNG
neutral,negative-deactive,frame_015714.PNG
neutral,negative-deactive,frame_015715.PNG
neutral,negative-deactive,frame_015716.PNG
neutral,negative-deactive,frame_015717.PNG
neutral,negative-deactive,frame_015718.PNG
neutral,negative-deactive,frame_015719.PNG
neutral,negative-deactive,frame_015720.PNG
neutral,negative-deactive,frame_015721.PNG
neutral,negative-deactive,frame_015722.PNG
neutral,negative-deactive,frame_015723.PNG
neutral,negative-deactive,frame_015724.PNG
positive-active,negative-deactive,frame_015725.PNG
positive-active,negative-active,frame_015726.PNG
positive-active,negative-active,frame_015727.PNG
positive-active,negative-active,frame_015728.PNG
positive-active,negative-active,frame_015729.PNG
positive-active,negative-active,frame_015730.PNG
positive-active,negative-active,frame_015731.PNG
neutral,negative-deactive,frame_015738.PNG
neutral,negative-deactive,frame_015739.PNG
neutral,negative-deactive,frame_015740.PNG
neutral,negative-deactive,frame_015741.PNG
neutral,negative-deactive,frame_015742.PNG
neutral,negative-deactive,frame_015743.PNG
negative-deactive,negative-active,frame_015750.PNG
negative-deactive,negative-active,frame_015751.PNG
negative-deactive,negative-active,frame_015752.PNG
negative-deactive,negative-active,frame_015753.PNG
negative-deactive,negative-active,frame_015754.PNG
negative-deactive,negative-active,frame_015755.PNG
negative-deactive,negative-active,frame_015756.PNG
negative-deactive,negative-active,frame_015757.PNG
negative-deactive,negative-active,frame_015758.PNG
negative-deactive,negative-active,frame_015759.PNG
negative-deactive,negative-active,frame_015760.PNG
negative-deactive,negative-active,frame_015761.PNG
negative-deactive,negative-active,frame_015762.PNG
negative-deactive,negative-active,frame_015763.PNG
negative-deactive,negative-active,frame_015764.PNG
negative-deactive,negative-active,frame_015765.PNG
negative-deactive,negative-active,frame_015766.PNG
negative-deactive,negative-active,frame_015767.PNG
negative-deactive,negative-active,frame_015768.PNG
negative-deactive,negative-active,frame_015769.PNG
negative-deactive,negative-active,frame_015770.PNG
negative-deactive,negative-active,frame_015771.PNG
negative-deactive,negative-active,frame_015772.PNG
negative-deactive,negative-active,frame_015773.PNG
negative-deactive,negative-active,frame_015774.PNG
negative-deactive,negative-active,frame_015775.PNG
negative-deactive,negative-active,frame_015776.PNG
negative-deactive,negative-active,frame_015777.PNG
negative-deactive,negative-active,frame_015778.PNG
negative-deactive,negative-active,frame_015779.PNG
negative-deactive,negative-active,frame_015780.PNG
negative-deactive,negative-active,frame_015781.PNG
negative-deactive,negative-active,frame_015782.PNG
negative-deactive,negative-active,frame_015783.PNG
negative-deactive,negative-active,frame_015784.PNG
negative-deactive,negative-active,frame_015785.PNG
negative-deactive,negative-active,frame_015786.PNG
negative-deactive,negative-active,frame_015787.PNG
negative-deactive,negative-active,frame_015788.PNG
negative-deactive,negative-active,frame_015789.PNG
negative-deactive,negative-active,frame_015790.PNG
negative-deactive,negative-active,frame_015791.PNG
negative-deactive,negative-active,frame_015792.PNG
negative-deactive,negative-active,frame_015793.PNG
negative-deactive,negative-active,frame_015794.PNG
negative-deactive,negative-active,frame_015795.PNG
negative-deactive,negative-deactive,frame_015800.PNG
negative-deactive,negative-deactive,frame_015801.PNG
negative-deactive,negative-active,frame_015802.PNG
negative-deactive,negative-active,frame_015803.PNG
negative-deactive,negative-active,frame_015804.PNG
negative-deactive,negative-active,frame_015805.PNG
negative-deactive,negative-active,frame_015806.PNG
negative-deactive,negative-active,frame_015807.PNG
negative-deactive,negative-active,frame_015808.PNG
neutral,negative-active,frame_015809.PNG
neutral,negative-active,frame_015810.PNG
neutral,negative-active,frame_015811.PNG
neutral,negative-active,frame_015812.PNG
neutral,negative-active,frame_015813.PNG
neutral,negative-active,frame_015814.PNG
neutral,negative-active,frame_015815.PNG
neutral,negative-active,frame_015816.PNG
neutral,negative-active,frame_015817.PNG
neutral,negative-active,frame_015818.PNG
neutral,negative-active,frame_015819.PNG
neutral,negative-active,frame_015820.PNG
neutral,negative-active,frame_015821.PNG
neutral,negative-active,frame_015822.PNG
neutral,negative-active,frame_015823.PNG
neutral,negative-active,frame_015824.PNG
neutral,negative-active,frame_015825.PNG
neutral,negative-active,frame_015826.PNG
neutral,negative-active,frame_015827.PNG
neutral,negative-active,frame_015828.PNG
neutral,negative-active,frame_015829.PNG
neutral,negative-active,frame_015830.PNG
neutral,negative-active,frame_015831.PNG
neutral,negative-active,frame_015832.PNG
neutral,negative-active,frame_015833.PNG
neutral,negative-active,frame_015834.PNG
neutral,negative-active,frame_015835.PNG
neutral,negative-active,frame_015836.PNG
negative-deactive,negative-active,frame_015845.PNG
negative-deactive,negative-active,frame_015846.PNG
negative-deactive,negative-active,frame_015847.PNG
negative-deactive,negative-active,frame_015848.PNG
negative-deactive,negative-active,frame_015849.PNG
negative-deactive,negative-active,frame_015850.PNG
negative-deactive,negative-active,frame_015851.PNG
negative-deactive,negative-active,frame_015852.PNG
negative-deactive,negative-active,frame_015853.PNG
negative-deactive,negative-active,frame_015854.PNG
negative-deactive,negative-active,frame_015855.PNG
negative-deactive,negative-active,frame_015856.PNG
negative-deactive,negative-active,frame_015857.PNG
negative-deactive,negative-active,frame_015858.PNG
negative-deactive,negative-active,frame_015859.PNG
negative-deactive,negative-active,frame_015860.PNG
negative-deactive,negative-active,frame_015861.PNG
negative-deactive,negative-deactive,frame_015868.PNG
negative-deactive,negative-deactive,frame_015869.PNG
negative-deactive,negative-deactive,frame_015870.PNG
negative-deactive,negative-deactive,frame_015871.PNG
negative-deactive,negative-deactive,frame_015872.PNG
negative-deactive,negative-deactive,frame_015873.PNG
negative-deactive,negative-deactive,frame_015874.PNG
negative-deactive,negative-deactive,frame_015875.PNG
negative-deactive,negative-deactive,frame_015876.PNG
negative-deactive,negative-deactive,frame_015877.PNG
negative-deactive,negative-deactive,frame_015878.PNG
negative-deactive,negative-active,frame_015892.PNG
negative-deactive,negative-active,frame_015893.PNG
negative-deactive,negative-active,frame_015894.PNG
negative-deactive,negative-active,frame_015895.PNG
negative-deactive,negative-active,frame_015896.PNG
negative-deactive,negative-active,frame_015897.PNG
negative-deactive,negative-active,frame_015898.PNG
negative-deactive,negative-active,frame_015899.PNG
negative-deactive,negative-active,frame_015900.PNG
negative-deactive,negative-active,frame_015901.PNG
negative-deactive,negative-active,frame_015902.PNG
neutral,negative-active,frame_015912.PNG
neutral,negative-active,frame_015913.PNG
neutral,negative-active,frame_015914.PNG
neutral,negative-active,frame_015915.PNG
neutral,negative-active,frame_015916.PNG
neutral,negative-active,frame_015917.PNG
neutral,negative-active,frame_015918.PNG
neutral,negative-active,frame_015919.PNG
neutral,negative-active,frame_015920.PNG
neutral,negative-active,frame_015921.PNG
neutral,negative-active,frame_015922.PNG
neutral,negative-active,frame_015923.PNG
neutral,negative-active,frame_015924.PNG
neutral,negative-active,frame_015925.PNG
neutral,negative-active,frame_015926.PNG
neutral,negative-active,frame_015927.PNG
neutral,negative-active,frame_015928.PNG
neutral,negative-active,frame_015929.PNG
neutral,negative-active,frame_015930.PNG
neutral,negative-active,frame_015931.PNG
neutral,negative-active,frame_015932.PNG
neutral,negative-active,frame_015933.PNG
negative-deactive,negative-deactive,frame_015940.PNG
negative-deactive,negative-deactive,frame_015941.PNG
negative-deactive,negative-deactive,frame_015942.PNG
negative-deactive,negative-deactive,frame_015943.PNG
negative-deactive,negative-deactive,frame_015944.PNG
negative-deactive,negative-active,frame_015945.PNG
negative-deactive,negative-active,frame_015946.PNG
negative-deactive,negative-active,frame_015947.PNG
negative-deactive,negative-active,frame_015948.PNG
negative-deactive,negative-active,frame_015949.PNG
negative-deactive,negative-active,frame_015950.PNG
negative-deactive,negative-active,frame_015951.PNG
negative-deactive,negative-active,frame_015952.PNG
negative-deactive,negative-active,frame_015953.PNG
negative-deactive,negative-active,frame_015954.PNG
negative-deactive,negative-active,frame_015955.PNG
negative-deactive,negative-active,frame_015956.PNG
negative-deactive,negative-active,frame_015957.PNG
negative-deactive,negative-active,frame_015958.PNG
negative-deactive,negative-deactive,frame_015959.PNG
negative-deactive,negative-active,frame_015966.PNG
negative-deactive,negative-active,frame_015967.PNG
negative-deactive,negative-active,frame_015968.PNG
negative-deactive,negative-active,frame_015969.PNG
negative-deactive,negative-active,frame_015970.PNG
negative-deactive,negative-active,frame_015971.PNG
negative-deactive,negative-active,frame_015972.PNG
negative-deactive,negative-active,frame_015973.PNG
negative-deactive,negative-active,frame_015974.PNG
negative-deactive,negative-active,frame_015975.PNG
negative-deactive,negative-active,frame_015976.PNG
negative-deactive,negative-active,frame_015977.PNG
negative-deactive,negative-active,frame_015983.PNG
negative-deactive,negative-active,frame_015984.PNG
negative-deactive,negative-active,frame_015985.PNG
negative-deactive,negative-active,frame_015986.PNG
negative-deactive,negative-active,frame_015987.PNG
negative-deactive,negative-active,frame_015988.PNG
negative-deactive,negative-active,frame_015989.PNG
negative-deactive,negative-active,frame_015990.PNG
negative-deactive,negative-active,frame_015991.PNG
negative-deactive,negative-active,frame_015992.PNG
negative-deactive,negative-active,frame_015993.PNG
negative-deactive,negative-active,frame_015994.PNG
negative-deactive,negative-active,frame_015995.PNG
negative-deactive,negative-active,frame_015996.PNG
negative-deactive,negative-active,frame_015997.PNG
negative-deactive,negative-active,frame_015998.PNG
negative-deactive,negative-active,frame_015999.PNG
negative-deactive,negative-active,frame_016000.PNG
negative-deactive,negative-active,frame_016001.PNG
negative-deactive,negative-active,frame_016002.PNG
negative-deactive,negative-active,frame_016003.PNG
negative-deactive,negative-active,frame_016004.PNG
negative-deactive,negative-deactive,frame_016012.PNG
negative-deactive,negative-active,frame_016013.PNG
negative-deactive,negative-active,frame_016014.PNG
negative-deactive,negative-active,frame_016015.PNG
negative-deactive,negative-active,frame_016016.PNG
negative-deactive,negative-active,frame_016017.PNG
negative-deactive,negative-active,frame_016018.PNG
negative-deactive,negative-active,frame_016019.PNG
negative-deactive,negative-active,frame_016020.PNG
negative-deactive,negative-active,frame_016021.PNG
negative-deactive,negative-active,frame_016022.PNG
negative-deactive,negative-active,frame_016023.PNG
negative-deactive,negative-active,frame_016024.PNG
negative-deactive,negative-active,frame_016025.PNG
negative-deactive,negative-active,frame_016026.PNG
negative-deactive,negative-active,frame_016027.PNG
negative-deactive,negative-active,frame_016028.PNG
negative-deactive,negative-active,frame_016029.PNG
negative-deactive,negative-active,frame_016037.PNG
negative-deactive,negative-active,frame_016038.PNG
negative-deactive,negative-active,frame_016039.PNG
negative-deactive,negative-active,frame_016040.PNG
negative-deactive,negative-active,frame_016041.PNG
negative-deactive,negative-active,frame_016042.PNG
negative-deactive,negative-active,frame_016043.PNG
negative-deactive,negative-active,frame_016044.PNG
neutral,negative-active,frame_016045.PNG
neutral,negative-active,frame_016046.PNG
neutral,negative-active,frame_016047.PNG
neutral,negative-active,frame_016048.PNG
neutral,negative-active,frame_016049.PNG
neutral,negative-active,frame_016050.PNG
neutral,negative-active,frame_016051.PNG
neutral,negative-active,frame_016052.PNG
neutral,negative-active,frame_016053.PNG
neutral,negative-active,frame_016054.PNG
neutral,negative-active,frame_016055.PNG
neutral,negative-active,frame_016056.PNG
neutral,negative-active,frame_016057.PNG
neutral,negative-active,frame_016063.PNG
neutral,negative-active,frame_016064.PNG
neutral,negative-active,frame_016065.PNG
neutral,negative-active,frame_016066.PNG
neutral,negative-active,frame_016067.PNG
neutral,negative-active,frame_016068.PNG
neutral,negative-active,frame_016069.PNG
neutral,negative-active,frame_016070.PNG
neutral,negative-active,frame_016071.PNG
neutral,negative-active,frame_016072.PNG
neutral,negative-active,frame_016073.PNG
neutral,negative-active,frame_016074.PNG
neutral,negative-active,frame_016075.PNG
neutral,negative-active,frame_016076.PNG
neutral,negative-active,frame_016077.PNG
neutral,negative-active,frame_016084.PNG
neutral,negative-active,frame_016085.PNG
neutral,negative-active,frame_016086.PNG
neutral,negative-active,frame_016087.PNG
neutral,negative-active,frame_016088.PNG
neutral,negative-active,frame_016089.PNG
neutral,negative-active,frame_016090.PNG
neutral,negative-active,frame_016091.PNG
neutral,negative-active,frame_016092.PNG
neutral,negative-active,frame_016093.PNG
neutral,negative-active,frame_016094.PNG
neutral,negative-active,frame_016095.PNG
neutral,negative-active,frame_016096.PNG
neutral,negative-active,frame_016097.PNG
neutral,negative-active,frame_016098.PNG
neutral,negative-active,frame_016099.PNG
neutral,negative-active,frame_016100.PNG
negative-deactive,negative-active,frame_016101.PNG
negative-deactive,negative-active,frame_016102.PNG
negative-deactive,negative-active,frame_016103.PNG
negative-deactive,negative-active,frame_016104.PNG
negative-deactive,negative-active,frame_016105.PNG
negative-deactive,negative-active,frame_016106.PNG
negative-deactive,negative-active,frame_016107.PNG
negative-deactive,negative-active,frame_016108.PNG
negative-deactive,negative-active,frame_016109.PNG
negative-deactive,negative-active,frame_016110.PNG
negative-deactive,negative-active,frame_016111.PNG
negative-deactive,negative-deactive,frame_016112.PNG
negative-deactive,negative-deactive,frame_016113.PNG
negative-deactive,negative-deactive,frame_016120.PNG
negative-deactive,negative-deactive,frame_016121.PNG
negative-deactive,negative-active,frame_016122.PNG
neutral,negative-active,frame_016123.PNG
neutral,negative-active,frame_016124.PNG
neutral,negative-active,frame_016125.PNG
neutral,negative-active,frame_016126.PNG
neutral,negative-active,frame_016127.PNG
neutral,negative-active,frame_016128.PNG
neutral,negative-active,frame_016129.PNG
neutral,negative-active,frame_016130.PNG
neutral,negative-active,frame_016131.PNG
neutral,negative-active,frame_016132.PNG
neutral,negative-active,frame_016133.PNG
negative-deactive,negative-deactive,frame_016139.PNG
negative-deactive,negative-deactive,frame_016140.PNG
negative-deactive,negative-deactive,frame_016141.PNG
negative-deactive,negative-active,frame_016142.PNG
negative-deactive,negative-active,frame_016143.PNG
negative-deactive,negative-active,frame_016144.PNG
neutral,negative-deactive,frame_016145.PNG
neutral,negative-deactive,frame_016146.PNG
neutral,negative-deactive,frame_016147.PNG
neutral,negative-deactive,frame_016148.PNG
neutral,negative-deactive,frame_016149.PNG
neutral,negative-deactive,frame_016150.PNG
neutral,negative-deactive,frame_016151.PNG
neutral,negative-deactive,frame_016152.PNG
neutral,negative-deactive,frame_016153.PNG
neutral,negative-deactive,frame_016154.PNG
neutral,negative-deactive,frame_016155.PNG
neutral,negative-deactive,frame_016156.PNG
neutral,negative-deactive,frame_016157.PNG
neutral,negative-deactive,frame_016158.PNG
neutral,negative-deactive,frame_016159.PNG
neutral,negative-deactive,frame_016160.PNG
neutral,negative-active,frame_016161.PNG
positive-active,negative-active,frame_016162.PNG
positive-active,negative-active,frame_016163.PNG
positive-active,negative-active,frame_016164.PNG
positive-active,negative-active,frame_016165.PNG
positive-active,negative-active,frame_016166.PNG
positive-active,negative-deactive,frame_016167.PNG
positive-active,negative-deactive,frame_016168.PNG
positive-active,negative-deactive,frame_016185.PNG
positive-active,negative-deactive,frame_016186.PNG
positive-active,negative-active,frame_016187.PNG
positive-active,negative-active,frame_016188.PNG
positive-active,negative-active,frame_016189.PNG
positive-active,negative-active,frame_016190.PNG
positive-active,negative-active,frame_016191.PNG
positive-active,negative-active,frame_016192.PNG
negative-active,negative-active,frame_016193.PNG
negative-active,negative-active,frame_016194.PNG
negative-active,negative-active,frame_016195.PNG
negative-active,negative-active,frame_016196.PNG
negative-active,negative-active,frame_016197.PNG
negative-active,negative-active,frame_016198.PNG
negative-active,negative-active,frame_016199.PNG
negative-active,negative-active,frame_016200.PNG
negative-active,negative-active,frame_016202.PNG
negative-active,negative-active,frame_016203.PNG
negative-active,negative-active,frame_016204.PNG
negative-active,negative-active,frame_016205.PNG
negative-active,negative-active,frame_016206.PNG
negative-active,negative-active,frame_016207.PNG
negative-active,negative-active,frame_016208.PNG
negative-active,neutral,frame_016209.PNG
negative-active,neutral,frame_016210.PNG
negative-active,neutral,frame_016211.PNG
negative-active,neutral,frame_016212.PNG
negative-active,neutral,frame_016213.PNG
negative-active,neutral,frame_016214.PNG
negative-active,neutral,frame_016215.PNG
negative-active,neutral,frame_016216.PNG
negative-deactive,negative-active,frame_016224.PNG
negative-deactive,negative-active,frame_016225.PNG
negative-deactive,negative-active,frame_016226.PNG
negative-deactive,negative-active,frame_016227.PNG
negative-deactive,negative-active,frame_016228.PNG
negative-deactive,negative-active,frame_016229.PNG
negative-deactive,negative-active,frame_016230.PNG
negative-deactive,negative-active,frame_016231.PNG
negative-deactive,negative-active,frame_016232.PNG
positive-active,negative-active,frame_016248.PNG
positive-active,negative-active,frame_016249.PNG
positive-active,negative-active,frame_016250.PNG
positive-active,negative-active,frame_016251.PNG
positive-active,negative-active,frame_016252.PNG
positive-active,negative-active,frame_016253.PNG
positive-active,negative-active,frame_016254.PNG
positive-active,negative-active,frame_016255.PNG
positive-active,negative-active,frame_016256.PNG
positive-active,negative-active,frame_016257.PNG
positive-active,negative-active,frame_016258.PNG
positive-active,negative-active,frame_016259.PNG
positive-active,negative-active,frame_016260.PNG
positive-active,negative-active,frame_016261.PNG
negative-deactive,negative-active,frame_016268.PNG
negative-deactive,negative-active,frame_016269.PNG
negative-deactive,negative-active,frame_016270.PNG
negative-deactive,negative-active,frame_016271.PNG
negative-deactive,negative-active,frame_016272.PNG
negative-deactive,negative-active,frame_016273.PNG
negative-deactive,negative-active,frame_016274.PNG
negative-deactive,negative-active,frame_016275.PNG
negative-deactive,negative-active,frame_016276.PNG
negative-deactive,negative-active,frame_016277.PNG
negative-deactive,negative-active,frame_016278.PNG
negative-deactive,negative-active,frame_016279.PNG
negative-deactive,negative-active,frame_016290.PNG
negative-deactive,negative-active,frame_016291.PNG
negative-deactive,negative-active,frame_016292.PNG
negative-deactive,negative-active,frame_016293.PNG
negative-deactive,negative-active,frame_016294.PNG
negative-deactive,negative-active,frame_016295.PNG
negative-deactive,negative-active,frame_016313.PNG
negative-deactive,negative-active,frame_016314.PNG
negative-deactive,negative-active,frame_016315.PNG
negative-deactive,negative-active,frame_016316.PNG
negative-deactive,negative-active,frame_016317.PNG
negative-deactive,negative-active,frame_016318.PNG
negative-deactive,negative-active,frame_016319.PNG
negative-deactive,negative-active,frame_016320.PNG
negative-deactive,negative-active,frame_016321.PNG
negative-deactive,negative-active,frame_016322.PNG
negative-deactive,negative-active,frame_016323.PNG
negative-deactive,negative-active,frame_016324.PNG
negative-deactive,negative-active,frame_016325.PNG
negative-deactive,negative-active,frame_016326.PNG
negative-deactive,negative-active,frame_016327.PNG
neutral,negative-active,frame_016328.PNG
neutral,negative-active,frame_016329.PNG
neutral,negative-active,frame_016330.PNG
neutral,negative-active,frame_016331.PNG
neutral,negative-active,frame_016332.PNG
neutral,negative-active,frame_016333.PNG
neutral,negative-active,frame_016334.PNG
neutral,negative-active,frame_016335.PNG
neutral,negative-active,frame_016336.PNG
neutral,negative-active,frame_016337.PNG
neutral,negative-active,frame_016338.PNG
neutral,negative-active,frame_016339.PNG
neutral,negative-active,frame_016340.PNG
neutral,negative-active,frame_016341.PNG
neutral,negative-active,frame_016342.PNG
neutral,negative-active,frame_016343.PNG
neutral,negative-active,frame_016344.PNG
neutral,negative-active,frame_016345.PNG
neutral,negative-active,frame_016346.PNG
neutral,negative-active,frame_016347.PNG
neutral,negative-active,frame_016348.PNG
positive-deactive,negative-deactive,frame_016359.PNG
positive-deactive,negative-active,frame_016360.PNG
positive-deactive,negative-active,frame_016361.PNG
positive-deactive,negative-active,frame_016362.PNG
positive-deactive,negative-active,frame_016363.PNG
positive-deactive,negative-active,frame_016364.PNG
positive-deactive,negative-active,frame_016365.PNG
positive-deactive,negative-active,frame_016366.PNG
positive-deactive,negative-active,frame_016367.PNG
positive-deactive,negative-active,frame_016368.PNG
positive-deactive,negative-active,frame_016369.PNG
positive-deactive,negative-active,frame_016370.PNG
positive-deactive,negative-active,frame_016371.PNG
positive-deactive,negative-active,frame_016372.PNG
positive-deactive,negative-active,frame_016373.PNG
positive-deactive,negative-active,frame_016374.PNG
positive-deactive,negative-active,frame_016375.PNG
positive-deactive,negative-active,frame_016376.PNG
positive-deactive,negative-active,frame_016377.PNG
positive-deactive,negative-active,frame_016378.PNG
positive-deactive,negative-active,frame_016379.PNG
negative-deactive,negative-active,frame_016388.PNG
negative-deactive,negative-active,frame_016389.PNG
negative-deactive,negative-active,frame_016390.PNG
negative-deactive,negative-active,frame_016391.PNG
negative-deactive,negative-active,frame_016392.PNG
negative-deactive,negative-active,frame_016393.PNG
negative-deactive,negative-active,frame_016394.PNG
negative-deactive,negative-active,frame_016395.PNG
negative-deactive,negative-active,frame_016396.PNG
negative-deactive,negative-active,frame_016397.PNG
negative-deactive,negative-active,frame_016398.PNG
negative-deactive,negative-active,frame_016399.PNG
negative-deactive,negative-active,frame_016400.PNG
negative-deactive,negative-active,frame_016401.PNG
negative-deactive,negative-active,frame_016402.PNG
negative-deactive,negative-active,frame_016403.PNG
negative-deactive,negative-active,frame_016404.PNG
negative-deactive,negative-active,frame_016405.PNG
negative-deactive,negative-active,frame_016406.PNG
negative-deactive,negative-active,frame_016407.PNG
negative-deactive,negative-active,frame_016408.PNG
negative-deactive,negative-deactive,frame_016424.PNG
negative-deactive,negative-deactive,frame_016425.PNG
negative-deactive,negative-deactive,frame_016426.PNG
negative-deactive,negative-deactive,frame_016427.PNG
negative-deactive,negative-deactive,frame_016428.PNG
negative-deactive,negative-deactive,frame_016429.PNG
negative-deactive,negative-deactive,frame_016430.PNG
positive-active,negative-deactive,frame_016438.PNG
positive-active,negative-deactive,frame_016439.PNG
positive-active,negative-deactive,frame_016440.PNG
positive-active,negative-deactive,frame_016441.PNG
positive-active,negative-deactive,frame_016442.PNG
positive-active,negative-deactive,frame_016443.PNG
positive-active,negative-deactive,frame_016444.PNG
positive-active,negative-active,frame_016445.PNG
positive-active,negative-active,frame_016446.PNG
positive-active,negative-active,frame_016447.PNG
positive-active,negative-active,frame_016448.PNG
positive-active,negative-active,frame_016449.PNG
positive-active,negative-active,frame_016450.PNG
positive-active,negative-active,frame_016451.PNG
positive-active,negative-active,frame_016452.PNG
positive-active,negative-active,frame_016453.PNG
positive-active,negative-active,frame_016454.PNG
positive-active,negative-active,frame_016455.PNG
positive-active,negative-active,frame_016456.PNG
positive-active,negative-active,frame_016457.PNG
positive-active,negative-active,frame_016458.PNG
positive-active,negative-active,frame_016459.PNG
positive-active,negative-active,frame_016460.PNG
positive-active,negative-active,frame_016461.PNG
negative-deactive,negative-deactive,frame_016472.PNG
negative-deactive,negative-deactive,frame_016473.PNG
negative-deactive,negative-active,frame_016474.PNG
negative-deactive,negative-active,frame_016475.PNG
negative-deactive,negative-active,frame_016476.PNG
negative-deactive,negative-active,frame_016477.PNG
negative-deactive,negative-active,frame_016478.PNG
negative-deactive,negative-active,frame_016479.PNG
negative-deactive,negative-active,frame_016480.PNG
negative-deactive,negative-active,frame_016481.PNG
neutral,negative-active,frame_016482.PNG
neutral,negative-active,frame_016483.PNG
neutral,negative-active,frame_016484.PNG
neutral,negative-active,frame_016485.PNG
neutral,negative-active,frame_016486.PNG
neutral,negative-active,frame_016487.PNG
neutral,negative-active,frame_016488.PNG
neutral,negative-active,frame_016489.PNG
neutral,negative-active,frame_016490.PNG
neutral,negative-active,frame_016491.PNG
neutral,negative-active,frame_016492.PNG
neutral,negative-active,frame_016493.PNG
neutral,negative-active,frame_016494.PNG
neutral,negative-active,frame_016495.PNG
neutral,negative-active,frame_016496.PNG
neutral,negative-active,frame_016497.PNG
neutral,negative-active,frame_016498.PNG
negative-deactive,negative-deactive,frame_016508.PNG
negative-deactive,negative-deactive,frame_016509.PNG
negative-deactive,negative-deactive,frame_016510.PNG
negative-deactive,negative-deactive,frame_016511.PNG
negative-deactive,negative-deactive,frame_016512.PNG
negative-deactive,negative-deactive,frame_016513.PNG
negative-deactive,negative-deactive,frame_016514.PNG
negative-deactive,negative-deactive,frame_016515.PNG
negative-deactive,negative-deactive,frame_016516.PNG
negative-deactive,negative-deactive,frame_016517.PNG
negative-deactive,negative-deactive,frame_016518.PNG
negative-deactive,negative-deactive,frame_016519.PNG
negative-deactive,negative-deactive,frame_016520.PNG
negative-deactive,negative-active,frame_016527.PNG
negative-deactive,negative-active,frame_016528.PNG
negative-deactive,negative-active,frame_016529.PNG
negative-deactive,negative-active,frame_016530.PNG
negative-deactive,negative-active,frame_016531.PNG
negative-deactive,negative-active,frame_016532.PNG
negative-deactive,negative-active,frame_016533.PNG
negative-deactive,negative-active,frame_016534.PNG
negative-deactive,negative-active,frame_016535.PNG
negative-deactive,negative-active,frame_016536.PNG
negative-deactive,negative-active,frame_016537.PNG
negative-deactive,negative-active,frame_016538.PNG
negative-deactive,negative-deactive,frame_016551.PNG
negative-deactive,negative-deactive,frame_016552.PNG
negative-deactive,negative-deactive,frame_016553.PNG
negative-deactive,negative-deactive,frame_016554.PNG
negative-deactive,negative-deactive,frame_016555.PNG
negative-deactive,negative-active,frame_016560.PNG
negative-deactive,negative-active,frame_016561.PNG
negative-deactive,negative-active,frame_016562.PNG
positive-deactive,negative-active,frame_016563.PNG
positive-deactive,negative-active,frame_016564.PNG
positive-deactive,negative-active,frame_016565.PNG
positive-deactive,negative-active,frame_016566.PNG
positive-deactive,negative-active,frame_016567.PNG
positive-deactive,negative-active,frame_016568.PNG
positive-deactive,negative-active,frame_016569.PNG
positive-deactive,negative-active,frame_016570.PNG
positive-deactive,negative-active,frame_016571.PNG
positive-deactive,negative-active,frame_016572.PNG
positive-deactive,negative-deactive,frame_016573.PNG
positive-deactive,negative-deactive,frame_016574.PNG
positive-deactive,negative-deactive,frame_016575.PNG
positive-deactive,negative-deactive,frame_016576.PNG
positive-deactive,negative-deactive,frame_016577.PNG
negative-deactive,negative-active,frame_016585.PNG
negative-deactive,negative-active,frame_016586.PNG
negative-deactive,negative-active,frame_016587.PNG
negative-deactive,negative-active,frame_016588.PNG
negative-deactive,negative-active,frame_016589.PNG
negative-deactive,negative-active,frame_016590.PNG
negative-deactive,negative-active,frame_016591.PNG
negative-deactive,neutral,frame_016592.PNG
negative-deactive,neutral,frame_016593.PNG
negative-deactive,neutral,frame_016594.PNG
negative-deactive,neutral,frame_016595.PNG
negative-deactive,neutral,frame_016596.PNG
negative-deactive,neutral,frame_016597.PNG
negative-deactive,neutral,frame_016598.PNG
negative-deactive,neutral,frame_016599.PNG
negative-deactive,neutral,frame_016600.PNG
negative-deactive,neutral,frame_016601.PNG
negative-deactive,neutral,frame_016602.PNG
negative-deactive,neutral,frame_016603.PNG
negative-deactive,neutral,frame_016604.PNG
negative-deactive,neutral,frame_016605.PNG
negative-deactive,neutral,frame_016606.PNG
negative-deactive,neutral,frame_016607.PNG
negative-deactive,neutral,frame_016608.PNG
negative-deactive,neutral,frame_016609.PNG
negative-deactive,neutral,frame_016610.PNG
negative-deactive,neutral,frame_016611.PNG
negative-deactive,neutral,frame_016612.PNG
negative-deactive,neutral,frame_016613.PNG
negative-deactive,neutral,frame_016614.PNG
negative-deactive,neutral,frame_016615.PNG
negative-deactive,neutral,frame_016616.PNG
negative-deactive,neutral,frame_016617.PNG
negative-deactive,neutral,frame_016618.PNG
negative-deactive,neutral,frame_016619.PNG
negative-deactive,neutral,frame_016620.PNG
negative-deactive,neutral,frame_016621.PNG
negative-deactive,neutral,frame_016622.PNG
negative-deactive,neutral,frame_016623.PNG
negative-deactive,neutral,frame_016624.PNG
negative-deactive,neutral,frame_016625.PNG
negative-deactive,neutral,frame_016626.PNG
negative-deactive,neutral,frame_016627.PNG
negative-deactive,neutral,frame_016628.PNG
negative-deactive,neutral,frame_016629.PNG
negative-deactive,neutral,frame_016630.PNG
negative-deactive,neutral,frame_016631.PNG
negative-deactive,neutral,frame_016632.PNG
negative-deactive,neutral,frame_016633.PNG
negative-deactive,neutral,frame_016634.PNG
negative-deactive,neutral,frame_016635.PNG
negative-deactive,neutral,frame_016636.PNG
negative-deactive,neutral,frame_016637.PNG
negative-deactive,neutral,frame_016638.PNG
negative-deactive,neutral,frame_016639.PNG
negative-deactive,neutral,frame_016640.PNG
negative-deactive,negative-deactive,frame_016641.PNG
negative-deactive,negative-deactive,frame_016642.PNG
negative-deactive,negative-deactive,frame_016643.PNG
negative-deactive,negative-deactive,frame_016644.PNG
negative-deactive,negative-deactive,frame_016645.PNG
negative-deactive,negative-deactive,frame_016646.PNG
negative-deactive,negative-deactive,frame_016647.PNG
negative-deactive,negative-active,frame_016648.PNG
negative-deactive,negative-active,frame_016649.PNG
neutral,negative-active,frame_016650.PNG
neutral,neutral,frame_016651.PNG
neutral,neutral,frame_016652.PNG
neutral,neutral,frame_016653.PNG
neutral,neutral,frame_016654.PNG
neutral,negative-deactive,frame_016655.PNG
negative-deactive,negative-deactive,frame_016656.PNG
negative-deactive,negative-deactive,frame_016657.PNG
negative-deactive,negative-active,frame_016658.PNG
negative-deactive,negative-deactive,frame_016659.PNG
negative-deactive,neutral,frame_016660.PNG
negative-deactive,neutral,frame_016661.PNG
negative-deactive,neutral,frame_016662.PNG
negative-deactive,neutral,frame_016663.PNG
negative-deactive,neutral,frame_016664.PNG
negative-deactive,neutral,frame_016665.PNG
negative-deactive,neutral,frame_016666.PNG
negative-deactive,neutral,frame_016667.PNG
negative-deactive,neutral,frame_016668.PNG
negative-deactive,neutral,frame_016669.PNG
negative-deactive,neutral,frame_016670.PNG
negative-deactive,neutral,frame_016671.PNG
negative-deactive,neutral,frame_016672.PNG
negative-deactive,neutral,frame_016673.PNG
positive-deactive,neutral,frame_016674.PNG
positive-deactive,neutral,frame_016675.PNG
positive-deactive,positive-deactive,frame_016676.PNG
positive-deactive,positive-deactive,frame_016677.PNG
positive-deactive,positive-deactive,frame_016678.PNG
positive-deactive,positive-deactive,frame_016679.PNG
positive-deactive,positive-deactive,frame_016680.PNG
positive-deactive,positive-deactive,frame_016681.PNG
positive-deactive,positive-deactive,frame_016682.PNG
positive-deactive,positive-deactive,frame_016683.PNG
positive-deactive,positive-deactive,frame_016684.PNG
positive-deactive,positive-deactive,frame_016685.PNG
positive-deactive,positive-deactive,frame_016686.PNG
positive-deactive,positive-deactive,frame_016687.PNG
positive-deactive,positive-deactive,frame_016688.PNG
positive-deactive,positive-deactive,frame_016689.PNG
positive-deactive,positive-deactive,frame_016690.PNG
positive-deactive,positive-deactive,frame_016691.PNG
positive-deactive,positive-deactive,frame_016692.PNG
positive-deactive,positive-deactive,frame_016693.PNG
positive-deactive,positive-deactive,frame_016694.PNG
positive-deactive,positive-deactive,frame_016695.PNG
positive-deactive,positive-deactive,frame_016696.PNG
positive-deactive,positive-deactive,frame_016697.PNG
positive-deactive,positive-deactive,frame_016698.PNG
positive-deactive,positive-deactive,frame_016699.PNG
positive-deactive,positive-deactive,frame_016700.PNG
positive-deactive,positive-deactive,frame_016701.PNG
positive-deactive,positive-deactive,frame_016702.PNG
positive-deactive,positive-deactive,frame_016703.PNG
positive-deactive,positive-deactive,frame_016704.PNG
positive-deactive,positive-deactive,frame_016705.PNG
positive-deactive,positive-deactive,frame_016706.PNG
positive-deactive,positive-deactive,frame_016713.PNG
positive-deactive,positive-deactive,frame_016714.PNG
positive-deactive,negative-deactive,frame_016715.PNG
positive-deactive,negative-deactive,frame_016716.PNG
positive-deactive,negative-deactive,frame_016717.PNG
positive-deactive,negative-deactive,frame_016718.PNG
positive-deactive,negative-deactive,frame_016719.PNG
positive-deactive,negative-deactive,frame_016720.PNG
positive-deactive,negative-deactive,frame_016721.PNG
positive-deactive,negative-deactive,frame_016722.PNG
positive-deactive,negative-deactive,frame_016723.PNG
positive-deactive,negative-deactive,frame_016724.PNG
positive-deactive,negative-deactive,frame_016725.PNG
positive-deactive,negative-deactive,frame_016726.PNG
positive-deactive,negative-deactive,frame_016727.PNG
positive-deactive,negative-deactive,frame_016728.PNG
positive-deactive,negative-deactive,frame_016729.PNG
positive-deactive,negative-deactive,frame_016730.PNG
positive-deactive,negative-deactive,frame_016731.PNG
positive-deactive,negative-deactive,frame_016732.PNG
positive-deactive,negative-deactive,frame_016733.PNG
positive-deactive,negative-deactive,frame_016734.PNG
positive-deactive,negative-deactive,frame_016735.PNG
positive-deactive,negative-deactive,frame_016736.PNG
positive-deactive,negative-deactive,frame_016737.PNG
positive-deactive,negative-deactive,frame_016738.PNG
positive-deactive,negative-deactive,frame_016739.PNG
positive-deactive,negative-deactive,frame_016740.PNG
positive-deactive,negative-deactive,frame_016741.PNG
positive-deactive,negative-deactive,frame_016742.PNG
positive-deactive,negative-deactive,frame_016743.PNG
positive-deactive,negative-deactive,frame_016744.PNG
positive-deactive,negative-deactive,frame_016745.PNG
positive-deactive,negative-deactive,frame_016746.PNG
positive-deactive,negative-deactive,frame_016747.PNG
positive-deactive,negative-deactive,frame_016748.PNG
positive-deactive,negative-deactive,frame_016749.PNG
positive-deactive,negative-deactive,frame_016750.PNG
positive-deactive,negative-deactive,frame_016751.PNG
positive-deactive,negative-deactive,frame_016752.PNG
positive-deactive,negative-deactive,frame_016753.PNG
positive-deactive,negative-deactive,frame_016754.PNG
positive-deactive,negative-deactive,frame_016755.PNG
positive-deactive,negative-deactive,frame_016756.PNG
positive-deactive,negative-deactive,frame_016757.PNG
positive-deactive,negative-deactive,frame_016758.PNG
positive-deactive,negative-deactive,frame_016759.PNG
positive-deactive,negative-deactive,frame_016760.PNG
positive-deactive,negative-deactive,frame_016761.PNG
positive-deactive,negative-deactive,frame_016762.PNG
positive-deactive,negative-deactive,frame_016763.PNG
positive-deactive,negative-deactive,frame_016764.PNG
positive-deactive,negative-deactive,frame_016765.PNG
negative-deactive,negative-deactive,frame_016769.PNG
negative-deactive,negative-deactive,frame_016770.PNG
negative-deactive,negative-deactive,frame_016771.PNG
negative-deactive,negative-deactive,frame_016772.PNG
negative-deactive,negative-deactive,frame_016773.PNG
negative-deactive,negative-deactive,frame_016774.PNG
negative-deactive,negative-deactive,frame_016775.PNG
negative-deactive,negative-active,frame_016776.PNG
negative-deactive,negative-active,frame_016777.PNG
negative-deactive,negative-active,frame_016778.PNG
negative-deactive,negative-active,frame_016779.PNG
negative-deactive,negative-active,frame_016780.PNG
negative-deactive,negative-active,frame_016781.PNG
negative-deactive,negative-active,frame_016782.PNG
negative-deactive,negative-active,frame_016783.PNG
negative-deactive,negative-active,frame_016784.PNG
negative-deactive,negative-active,frame_016785.PNG
negative-deactive,negative-active,frame_016786.PNG
negative-deactive,negative-active,frame_016787.PNG
negative-deactive,negative-active,frame_016788.PNG
negative-deactive,negative-active,frame_016789.PNG
negative-deactive,negative-active,frame_016790.PNG
negative-deactive,negative-active,frame_016791.PNG
negative-deactive,negative-active,frame_016792.PNG
negative-deactive,negative-active,frame_016793.PNG
negative-deactive,negative-active,frame_016794.PNG
negative-deactive,negative-active,frame_016795.PNG
negative-deactive,negative-active,frame_016796.PNG
negative-deactive,negative-active,frame_016797.PNG
negative-deactive,negative-active,frame_016798.PNG
negative-deactive,negative-active,frame_016799.PNG
negative-deactive,positive-deactive,frame_016800.PNG
negative-deactive,positive-deactive,frame_016801.PNG
negative-deactive,positive-deactive,frame_016802.PNG
positive-deactive,positive-deactive,frame_016803.PNG
positive-deactive,positive-deactive,frame_016804.PNG
positive-deactive,positive-deactive,frame_016805.PNG
positive-deactive,positive-deactive,frame_016806.PNG
positive-deactive,positive-deactive,frame_016807.PNG
positive-deactive,positive-deactive,frame_016808.PNG
positive-deactive,positive-deactive,frame_016809.PNG
positive-deactive,positive-deactive,frame_016810.PNG
positive-deactive,positive-deactive,frame_016811.PNG
positive-deactive,positive-deactive,frame_016812.PNG
positive-deactive,positive-deactive,frame_016813.PNG
positive-deactive,positive-deactive,frame_016814.PNG
positive-deactive,positive-deactive,frame_016815.PNG
positive-deactive,positive-deactive,frame_016816.PNG
positive-deactive,positive-deactive,frame_016817.PNG
positive-deactive,positive-deactive,frame_016818.PNG
positive-deactive,positive-deactive,frame_016819.PNG
positive-deactive,positive-deactive,frame_016820.PNG
positive-deactive,positive-deactive,frame_016821.PNG
positive-deactive,positive-deactive,frame_016822.PNG
positive-deactive,positive-deactive,frame_016823.PNG
positive-deactive,positive-deactive,frame_016824.PNG
positive-deactive,positive-deactive,frame_016825.PNG
positive-deactive,positive-deactive,frame_016826.PNG
positive-deactive,positive-deactive,frame_016827.PNG
positive-deactive,positive-deactive,frame_016828.PNG
positive-deactive,positive-deactive,frame_016829.PNG
positive-deactive,positive-deactive,frame_016830.PNG
positive-deactive,positive-deactive,frame_016831.PNG
positive-deactive,positive-deactive,frame_016832.PNG
positive-deactive,positive-deactive,frame_016833.PNG
positive-deactive,positive-deactive,frame_016834.PNG
positive-deactive,positive-deactive,frame_016835.PNG
positive-deactive,positive-deactive,frame_016836.PNG
positive-deactive,positive-deactive,frame_016837.PNG
positive-deactive,positive-deactive,frame_016838.PNG
positive-deactive,positive-deactive,frame_016839.PNG
positive-deactive,positive-deactive,frame_016840.PNG
positive-deactive,positive-deactive,frame_016841.PNG
positive-deactive,positive-deactive,frame_016842.PNG
positive-deactive,positive-deactive,frame_016843.PNG
positive-deactive,positive-deactive,frame_016844.PNG
positive-deactive,positive-deactive,frame_016845.PNG
positive-deactive,positive-deactive,frame_016846.PNG
positive-deactive,positive-deactive,frame_016847.PNG
positive-deactive,negative-deactive,frame_016867.PNG
positive-deactive,negative-deactive,frame_016868.PNG
positive-deactive,negative-deactive,frame_016869.PNG
positive-deactive,negative-deactive,frame_016870.PNG
positive-deactive,negative-deactive,frame_016871.PNG
positive-deactive,negative-deactive,frame_016872.PNG
positive-deactive,negative-deactive,frame_016873.PNG
positive-deactive,negative-deactive,frame_016874.PNG
positive-deactive,negative-deactive,frame_016875.PNG
positive-deactive,negative-deactive,frame_016876.PNG
positive-deactive,negative-deactive,frame_016877.PNG
positive-deactive,negative-deactive,frame_016878.PNG
positive-deactive,negative-deactive,frame_016879.PNG
positive-deactive,negative-deactive,frame_016880.PNG
positive-deactive,negative-deactive,frame_016881.PNG
positive-deactive,negative-deactive,frame_016882.PNG
positive-deactive,negative-deactive,frame_016883.PNG
positive-deactive,negative-deactive,frame_016884.PNG
positive-deactive,negative-deactive,frame_016885.PNG
positive-deactive,negative-deactive,frame_016886.PNG
positive-deactive,negative-deactive,frame_016887.PNG
positive-deactive,negative-deactive,frame_016888.PNG
positive-deactive,negative-deactive,frame_016889.PNG
positive-deactive,negative-deactive,frame_016890.PNG
positive-deactive,negative-deactive,frame_016891.PNG
positive-deactive,negative-deactive,frame_016892.PNG
positive-deactive,negative-deactive,frame_016893.PNG
positive-deactive,negative-deactive,frame_016894.PNG
positive-deactive,negative-deactive,frame_016895.PNG
positive-deactive,negative-deactive,frame_016896.PNG
positive-deactive,negative-deactive,frame_016897.PNG
positive-deactive,negative-deactive,frame_016898.PNG
positive-deactive,negative-deactive,frame_016899.PNG
positive-deactive,negative-deactive,frame_016900.PNG
positive-deactive,negative-deactive,frame_016901.PNG
positive-deactive,negative-deactive,frame_016902.PNG
positive-deactive,negative-deactive,frame_016903.PNG
positive-deactive,negative-deactive,frame_016904.PNG
positive-deactive,negative-deactive,frame_016905.PNG
positive-deactive,negative-deactive,frame_016906.PNG
positive-deactive,negative-deactive,frame_016907.PNG
positive-deactive,negative-deactive,frame_016908.PNG
positive-deactive,negative-deactive,frame_016909.PNG
positive-deactive,negative-deactive,frame_016910.PNG
positive-deactive,negative-deactive,frame_016911.PNG
positive-deactive,negative-deactive,frame_016912.PNG
positive-deactive,negative-deactive,frame_016924.PNG
positive-deactive,negative-deactive,frame_016925.PNG
positive-deactive,negative-deactive,frame_016926.PNG
positive-deactive,negative-deactive,frame_016927.PNG
positive-deactive,negative-deactive,frame_016928.PNG
positive-deactive,negative-deactive,frame_016929.PNG
positive-deactive,negative-deactive,frame_016930.PNG
positive-deactive,negative-deactive,frame_016931.PNG
positive-deactive,negative-deactive,frame_016932.PNG
positive-deactive,negative-deactive,frame_016933.PNG
positive-deactive,negative-deactive,frame_016934.PNG
positive-deactive,negative-deactive,frame_016935.PNG
positive-deactive,negative-deactive,frame_016936.PNG
positive-deactive,negative-deactive,frame_016937.PNG
positive-deactive,negative-deactive,frame_016938.PNG
positive-deactive,negative-deactive,frame_016939.PNG
positive-deactive,negative-deactive,frame_016940.PNG
positive-deactive,negative-deactive,frame_016941.PNG
positive-deactive,negative-deactive,frame_016942.PNG
positive-deactive,negative-deactive,frame_016943.PNG
positive-deactive,negative-deactive,frame_016944.PNG
positive-deactive,negative-deactive,frame_016945.PNG
positive-deactive,negative-deactive,frame_016946.PNG
positive-deactive,negative-deactive,frame_016947.PNG
positive-deactive,negative-deactive,frame_016948.PNG
positive-deactive,negative-deactive,frame_016949.PNG
positive-deactive,negative-deactive,frame_016950.PNG
positive-deactive,negative-deactive,frame_016951.PNG
positive-deactive,negative-deactive,frame_016952.PNG
positive-deactive,negative-deactive,frame_016953.PNG
positive-deactive,negative-deactive,frame_016967.PNG
positive-deactive,negative-deactive,frame_016968.PNG
positive-deactive,negative-deactive,frame_016969.PNG
positive-deactive,negative-deactive,frame_016970.PNG
positive-deactive,negative-deactive,frame_016971.PNG
positive-deactive,negative-deactive,frame_016972.PNG
positive-deactive,negative-deactive,frame_016973.PNG
positive-deactive,negative-deactive,frame_016974.PNG
positive-deactive,negative-deactive,frame_016975.PNG
positive-deactive,negative-deactive,frame_016976.PNG
positive-deactive,negative-deactive,frame_016977.PNG
positive-deactive,negative-deactive,frame_016978.PNG
positive-deactive,negative-deactive,frame_016979.PNG
positive-deactive,negative-deactive,frame_016980.PNG
positive-deactive,negative-deactive,frame_016981.PNG
positive-deactive,negative-deactive,frame_016982.PNG
positive-deactive,negative-deactive,frame_016983.PNG
positive-deactive,negative-deactive,frame_016984.PNG
positive-deactive,negative-deactive,frame_016985.PNG
positive-deactive,negative-deactive,frame_016986.PNG
positive-deactive,negative-deactive,frame_016987.PNG
positive-deactive,negative-deactive,frame_016988.PNG
positive-deactive,negative-deactive,frame_016989.PNG
positive-deactive,negative-deactive,frame_016990.PNG
positive-deactive,negative-deactive,frame_016991.PNG
positive-deactive,negative-deactive,frame_017003.PNG
positive-deactive,negative-deactive,frame_017004.PNG
positive-deactive,negative-deactive,frame_017005.PNG
positive-deactive,negative-deactive,frame_017006.PNG
positive-deactive,negative-deactive,frame_017007.PNG
positive-deactive,negative-deactive,frame_017008.PNG
positive-deactive,negative-deactive,frame_017009.PNG
positive-deactive,negative-deactive,frame_017010.PNG
positive-deactive,negative-deactive,frame_017011.PNG
positive-deactive,negative-deactive,frame_017012.PNG
positive-deactive,negative-deactive,frame_017013.PNG
positive-deactive,negative-deactive,frame_017014.PNG
positive-deactive,negative-deactive,frame_017015.PNG
positive-deactive,negative-deactive,frame_017016.PNG
positive-deactive,negative-deactive,frame_017017.PNG
positive-deactive,negative-deactive,frame_017018.PNG
positive-deactive,negative-deactive,frame_017019.PNG
positive-deactive,negative-deactive,frame_017020.PNG
positive-deactive,negative-deactive,frame_017021.PNG
positive-deactive,negative-deactive,frame_017022.PNG
positive-deactive,negative-deactive,frame_017023.PNG
positive-deactive,negative-deactive,frame_017024.PNG
positive-deactive,negative-deactive,frame_017025.PNG
positive-deactive,negative-deactive,frame_017026.PNG
positive-deactive,negative-deactive,frame_017027.PNG
positive-deactive,negative-deactive,frame_017028.PNG
positive-deactive,negative-deactive,frame_017029.PNG
negative-deactive,negative-deactive,frame_017037.PNG
negative-deactive,negative-deactive,frame_017038.PNG
negative-deactive,negative-deactive,frame_017039.PNG
negative-deactive,negative-deactive,frame_017040.PNG
negative-deactive,negative-deactive,frame_017041.PNG
negative-deactive,negative-deactive,frame_017042.PNG
negative-deactive,negative-deactive,frame_017043.PNG
negative-deactive,negative-deactive,frame_017044.PNG
negative-deactive,negative-deactive,frame_017045.PNG
negative-deactive,negative-deactive,frame_017046.PNG
negative-deactive,negative-deactive,frame_017047.PNG
negative-deactive,negative-deactive,frame_017048.PNG
negative-deactive,negative-deactive,frame_017049.PNG
negative-deactive,negative-deactive,frame_017050.PNG
negative-deactive,negative-deactive,frame_017051.PNG
negative-deactive,negative-deactive,frame_017052.PNG
negative-deactive,negative-deactive,frame_017053.PNG
negative-deactive,negative-deactive,frame_017054.PNG
negative-deactive,negative-deactive,frame_017055.PNG
negative-deactive,negative-deactive,frame_017056.PNG
negative-deactive,negative-deactive,frame_017057.PNG
negative-deactive,negative-deactive,frame_017058.PNG
negative-deactive,negative-deactive,frame_017059.PNG
negative-deactive,negative-deactive,frame_017060.PNG
negative-deactive,negative-deactive,frame_017061.PNG
negative-deactive,negative-deactive,frame_017062.PNG
negative-deactive,negative-deactive,frame_017063.PNG
negative-deactive,negative-deactive,frame_017064.PNG
negative-deactive,negative-deactive,frame_017065.PNG
negative-deactive,negative-deactive,frame_017066.PNG
neutral,negative-deactive,frame_017085.PNG
neutral,negative-deactive,frame_017086.PNG
neutral,negative-deactive,frame_017087.PNG
neutral,negative-deactive,frame_017088.PNG
neutral,negative-deactive,frame_017089.PNG
neutral,negative-deactive,frame_017090.PNG
neutral,negative-deactive,frame_017091.PNG
neutral,negative-deactive,frame_017092.PNG
neutral,negative-deactive,frame_017093.PNG
neutral,negative-deactive,frame_017094.PNG
neutral,negative-deactive,frame_017095.PNG
neutral,negative-deactive,frame_017096.PNG
neutral,negative-deactive,frame_017097.PNG
negative-deactive,negative-deactive,frame_017098.PNG
negative-deactive,negative-deactive,frame_017099.PNG
negative-deactive,negative-deactive,frame_017100.PNG
negative-deactive,negative-active,frame_017101.PNG
negative-deactive,negative-active,frame_017102.PNG
negative-deactive,negative-active,frame_017103.PNG
negative-deactive,negative-active,frame_017104.PNG
negative-deactive,negative-active,frame_017105.PNG
negative-deactive,negative-deactive,frame_017106.PNG
negative-deactive,negative-deactive,frame_017107.PNG
negative-deactive,negative-deactive,frame_017108.PNG
negative-deactive,negative-deactive,frame_017109.PNG
negative-deactive,negative-deactive,frame_017110.PNG
negative-deactive,negative-deactive,frame_017111.PNG
negative-deactive,negative-deactive,frame_017112.PNG
negative-deactive,negative-deactive,frame_017113.PNG
negative-deactive,negative-deactive,frame_017114.PNG
negative-deactive,negative-deactive,frame_017115.PNG
negative-deactive,negative-deactive,frame_017116.PNG
negative-deactive,negative-deactive,frame_017117.PNG
negative-deactive,negative-deactive,frame_017118.PNG
negative-deactive,negative-deactive,frame_017119.PNG
negative-deactive,negative-deactive,frame_017120.PNG
negative-deactive,negative-deactive,frame_017121.PNG
negative-deactive,negative-deactive,frame_017122.PNG
negative-deactive,negative-deactive,frame_017123.PNG
negative-deactive,negative-deactive,frame_017124.PNG
negative-deactive,negative-deactive,frame_017125.PNG
negative-deactive,negative-deactive,frame_017126.PNG
negative-deactive,negative-deactive,frame_017127.PNG
negative-deactive,negative-deactive,frame_017128.PNG
negative-deactive,negative-deactive,frame_017129.PNG
negative-deactive,negative-deactive,frame_017130.PNG
negative-deactive,negative-deactive,frame_017131.PNG
negative-deactive,negative-deactive,frame_017132.PNG
negative-deactive,negative-deactive,frame_017133.PNG
negative-deactive,negative-deactive,frame_017134.PNG
negative-deactive,negative-deactive,frame_017135.PNG
negative-deactive,negative-deactive,frame_017136.PNG
negative-deactive,negative-deactive,frame_017137.PNG
negative-deactive,negative-deactive,frame_017138.PNG
negative-deactive,negative-deactive,frame_017139.PNG
negative-deactive,negative-deactive,frame_017140.PNG
negative-deactive,negative-deactive,frame_017141.PNG
negative-deactive,negative-deactive,frame_017142.PNG
negative-deactive,negative-deactive,frame_017143.PNG
negative-deactive,negative-deactive,frame_017144.PNG
negative-deactive,negative-deactive,frame_017145.PNG
negative-deactive,negative-deactive,frame_017146.PNG
negative-deactive,negative-deactive,frame_017147.PNG
negative-deactive,negative-deactive,frame_017148.PNG
negative-deactive,negative-deactive,frame_017149.PNG
negative-deactive,negative-deactive,frame_017150.PNG
negative-deactive,negative-deactive,frame_017151.PNG
negative-deactive,negative-deactive,frame_017152.PNG
negative-deactive,positive-deactive,frame_017153.PNG
negative-deactive,positive-deactive,frame_017154.PNG
negative-deactive,positive-deactive,frame_017155.PNG
negative-deactive,positive-deactive,frame_017156.PNG
negative-deactive,positive-deactive,frame_017157.PNG
negative-deactive,positive-deactive,frame_017158.PNG
positive-deactive,negative-deactive,frame_017168.PNG
positive-deactive,negative-deactive,frame_017169.PNG
positive-deactive,negative-deactive,frame_017170.PNG
positive-deactive,negative-deactive,frame_017171.PNG
positive-deactive,negative-deactive,frame_017172.PNG
positive-deactive,negative-deactive,frame_017173.PNG
positive-deactive,negative-deactive,frame_017174.PNG
positive-deactive,negative-deactive,frame_017175.PNG
positive-deactive,negative-deactive,frame_017176.PNG
positive-deactive,negative-deactive,frame_017177.PNG
positive-deactive,negative-deactive,frame_017178.PNG
positive-deactive,negative-deactive,frame_017179.PNG
positive-deactive,negative-deactive,frame_017180.PNG
positive-deactive,negative-deactive,frame_017181.PNG
positive-deactive,negative-deactive,frame_017182.PNG
positive-deactive,negative-deactive,frame_017183.PNG
positive-deactive,negative-deactive,frame_017184.PNG
positive-deactive,negative-deactive,frame_017185.PNG
positive-deactive,negative-deactive,frame_017186.PNG
positive-deactive,negative-deactive,frame_017187.PNG
positive-deactive,negative-deactive,frame_017188.PNG
positive-deactive,negative-deactive,frame_017189.PNG
positive-deactive,negative-deactive,frame_017190.PNG
positive-deactive,negative-deactive,frame_017191.PNG
positive-deactive,negative-deactive,frame_017192.PNG
negative-deactive,negative-deactive,frame_017203.PNG
negative-deactive,negative-deactive,frame_017204.PNG
negative-deactive,negative-deactive,frame_017205.PNG
negative-deactive,negative-deactive,frame_017206.PNG
negative-deactive,negative-deactive,frame_017207.PNG
negative-deactive,negative-deactive,frame_017208.PNG
negative-deactive,negative-deactive,frame_017209.PNG
negative-deactive,negative-deactive,frame_017210.PNG
negative-deactive,negative-deactive,frame_017211.PNG
negative-deactive,negative-deactive,frame_017212.PNG
negative-deactive,negative-deactive,frame_017213.PNG
negative-deactive,negative-deactive,frame_017214.PNG
negative-deactive,negative-deactive,frame_017215.PNG
negative-deactive,negative-deactive,frame_017216.PNG
negative-deactive,negative-deactive,frame_017217.PNG
negative-deactive,negative-deactive,frame_017218.PNG
negative-deactive,negative-deactive,frame_017219.PNG
negative-deactive,negative-deactive,frame_017220.PNG
negative-deactive,negative-deactive,frame_017221.PNG
negative-deactive,negative-deactive,frame_017222.PNG
negative-deactive,negative-deactive,frame_017223.PNG
negative-deactive,negative-deactive,frame_017235.PNG
negative-deactive,negative-deactive,frame_017236.PNG
negative-deactive,negative-deactive,frame_017237.PNG
negative-deactive,negative-deactive,frame_017238.PNG
negative-deactive,negative-deactive,frame_017239.PNG
negative-deactive,negative-deactive,frame_017240.PNG
negative-deactive,negative-deactive,frame_017241.PNG
negative-deactive,negative-deactive,frame_017242.PNG
negative-deactive,negative-deactive,frame_017243.PNG
negative-deactive,negative-deactive,frame_017244.PNG
negative-deactive,negative-deactive,frame_017245.PNG
negative-deactive,negative-deactive,frame_017246.PNG
negative-deactive,negative-active,frame_017247.PNG
negative-deactive,negative-active,frame_017248.PNG
negative-deactive,negative-active,frame_017249.PNG
negative-deactive,negative-active,frame_017250.PNG
negative-deactive,negative-active,frame_017251.PNG
neutral,negative-active,frame_017278.PNG
neutral,negative-active,frame_017279.PNG
neutral,negative-active,frame_017280.PNG
neutral,negative-active,frame_017281.PNG
neutral,negative-active,frame_017282.PNG
neutral,negative-active,frame_017283.PNG
neutral,negative-active,frame_017284.PNG
neutral,negative-active,frame_017285.PNG
neutral,negative-active,frame_017286.PNG
neutral,negative-active,frame_017287.PNG
neutral,negative-active,frame_017288.PNG
negative-deactive,negative-deactive,frame_017303.PNG
negative-deactive,negative-deactive,frame_017304.PNG
negative-deactive,negative-deactive,frame_017305.PNG
negative-deactive,negative-deactive,frame_017306.PNG
negative-deactive,negative-active,frame_017307.PNG
negative-deactive,negative-active,frame_017308.PNG
negative-deactive,negative-active,frame_017309.PNG
negative-deactive,negative-active,frame_017310.PNG
negative-deactive,negative-active,frame_017311.PNG
negative-deactive,negative-active,frame_017312.PNG
negative-deactive,negative-active,frame_017313.PNG
negative-deactive,negative-deactive,frame_017320.PNG
negative-deactive,negative-deactive,frame_017321.PNG
neutral,negative-deactive,frame_017322.PNG
neutral,negative-active,frame_017323.PNG
neutral,negative-active,frame_017324.PNG
neutral,negative-active,frame_017325.PNG
neutral,negative-active,frame_017326.PNG
neutral,negative-active,frame_017327.PNG
neutral,negative-active,frame_017328.PNG
neutral,negative-active,frame_017329.PNG
neutral,negative-active,frame_017330.PNG
negative-deactive,negative-active,frame_017331.PNG
negative-deactive,negative-active,frame_017332.PNG
negative-deactive,negative-active,frame_017333.PNG
negative-deactive,negative-active,frame_017334.PNG
negative-deactive,negative-active,frame_017335.PNG
negative-deactive,negative-active,frame_017336.PNG
negative-deactive,negative-active,frame_017337.PNG
negative-deactive,negative-active,frame_017338.PNG
negative-deactive,negative-active,frame_017339.PNG
negative-deactive,negative-active,frame_017340.PNG
negative-deactive,negative-active,frame_017341.PNG
negative-deactive,negative-active,frame_017342.PNG
negative-deactive,negative-active,frame_017343.PNG
negative-deactive,negative-active,frame_017344.PNG
negative-deactive,negative-active,frame_017345.PNG
negative-deactive,negative-active,frame_017346.PNG
negative-deactive,negative-active,frame_017347.PNG
negative-deactive,negative-active,frame_017348.PNG
negative-deactive,negative-active,frame_017349.PNG
negative-deactive,negative-active,frame_017350.PNG
positive-deactive,negative-active,frame_017351.PNG
positive-deactive,negative-active,frame_017352.PNG
positive-deactive,negative-active,frame_017353.PNG
positive-deactive,negative-active,frame_017354.PNG
positive-deactive,negative-active,frame_017355.PNG
positive-deactive,negative-active,frame_017356.PNG
positive-deactive,negative-active,frame_017357.PNG
positive-deactive,negative-active,frame_017358.PNG
positive-deactive,negative-active,frame_017359.PNG
positive-deactive,negative-active,frame_017360.PNG
positive-deactive,negative-active,frame_017361.PNG
positive-deactive,negative-active,frame_017362.PNG
positive-deactive,negative-active,frame_017363.PNG
positive-deactive,negative-active,frame_017364.PNG
positive-deactive,negative-active,frame_017365.PNG
negative-deactive,negative-deactive,frame_017371.PNG
negative-deactive,negative-deactive,frame_017372.PNG
negative-deactive,negative-deactive,frame_017373.PNG
negative-deactive,negative-deactive,frame_017374.PNG
negative-deactive,negative-active,frame_017375.PNG
negative-deactive,negative-active,frame_017376.PNG
negative-deactive,negative-active,frame_017377.PNG
negative-deactive,negative-active,frame_017378.PNG
negative-deactive,negative-active,frame_017379.PNG
negative-deactive,negative-active,frame_017380.PNG
negative-deactive,negative-active,frame_017381.PNG
negative-deactive,negative-active,frame_017382.PNG
negative-deactive,negative-active,frame_017383.PNG
negative-deactive,negative-active,frame_017384.PNG
negative-deactive,negative-deactive,frame_017398.PNG
negative-deactive,negative-deactive,frame_017399.PNG
negative-deactive,negative-deactive,frame_017400.PNG
negative-deactive,negative-deactive,frame_017401.PNG
negative-deactive,negative-deactive,frame_017402.PNG
negative-deactive,negative-deactive,frame_017403.PNG
negative-deactive,negative-deactive,frame_017404.PNG
negative-deactive,negative-deactive,frame_017405.PNG
positive-active,negative-deactive,frame_017406.PNG
positive-active,negative-deactive,frame_017407.PNG
positive-active,negative-deactive,frame_017408.PNG
positive-active,negative-deactive,frame_017409.PNG
positive-active,negative-deactive,frame_017410.PNG
positive-active,negative-deactive,frame_017411.PNG
positive-active,negative-deactive,frame_017412.PNG
positive-active,negative-deactive,frame_017413.PNG
positive-active,negative-deactive,frame_017414.PNG
positive-active,negative-deactive,frame_017415.PNG
positive-active,negative-deactive,frame_017416.PNG
positive-active,negative-deactive,frame_017417.PNG
positive-active,negative-deactive,frame_017418.PNG
positive-active,negative-deactive,frame_017419.PNG
positive-active,negative-deactive,frame_017420.PNG
positive-active,negative-deactive,frame_017421.PNG
positive-active,negative-deactive,frame_017422.PNG
positive-active,negative-deactive,frame_017423.PNG
positive-active,negative-deactive,frame_017424.PNG
positive-active,negative-deactive,frame_017425.PNG
positive-active,negative-deactive,frame_017426.PNG
positive-active,negative-deactive,frame_017427.PNG
positive-active,negative-deactive,frame_017453.PNG
positive-active,negative-deactive,frame_017454.PNG
positive-active,negative-deactive,frame_017455.PNG
positive-active,negative-deactive,frame_017456.PNG
positive-active,negative-deactive,frame_017457.PNG
positive-active,negative-deactive,frame_017458.PNG
positive-active,negative-deactive,frame_017459.PNG
positive-active,negative-deactive,frame_017460.PNG
positive-active,positive-deactive,frame_017461.PNG
positive-active,positive-deactive,frame_017462.PNG
positive-active,positive-deactive,frame_017463.PNG
positive-deactive,negative-active,frame_017464.PNG
positive-deactive,negative-active,frame_017465.PNG
positive-deactive,negative-active,frame_017466.PNG
positive-deactive,negative-active,frame_017467.PNG
positive-deactive,negative-active,frame_017468.PNG
positive-deactive,negative-active,frame_017469.PNG
positive-deactive,negative-active,frame_017470.PNG
neutral,negative-active,frame_017471.PNG
neutral,negative-active,frame_017472.PNG
neutral,negative-active,frame_017473.PNG
neutral,negative-active,frame_017474.PNG
neutral,negative-active,frame_017475.PNG
neutral,negative-active,frame_017476.PNG
neutral,negative-active,frame_017477.PNG
neutral,negative-active,frame_017478.PNG
neutral,negative-active,frame_017479.PNG
neutral,negative-active,frame_017480.PNG
neutral,negative-active,frame_017481.PNG
neutral,negative-active,frame_017482.PNG
neutral,negative-active,frame_017483.PNG
neutral,negative-active,frame_017484.PNG
neutral,negative-active,frame_017485.PNG
neutral,negative-active,frame_017486.PNG
neutral,negative-active,frame_017487.PNG
negative-deactive,negative-active,frame_017495.PNG
negative-deactive,negative-active,frame_017496.PNG
negative-deactive,negative-active,frame_017497.PNG
negative-deactive,negative-active,frame_017498.PNG
negative-deactive,negative-active,frame_017499.PNG
negative-deactive,negative-active,frame_017500.PNG
negative-deactive,negative-active,frame_017501.PNG
negative-deactive,negative-active,frame_017502.PNG
negative-deactive,negative-active,frame_017503.PNG
negative-deactive,negative-active,frame_017504.PNG
negative-deactive,negative-active,frame_017505.PNG
negative-deactive,negative-active,frame_017506.PNG
negative-deactive,negative-active,frame_017507.PNG
neutral,negative-active,frame_017508.PNG
neutral,negative-active,frame_017509.PNG
neutral,negative-active,frame_017510.PNG
neutral,negative-active,frame_017511.PNG
neutral,negative-active,frame_017512.PNG
neutral,negative-active,frame_017513.PNG
neutral,negative-active,frame_017514.PNG
neutral,negative-active,frame_017515.PNG
neutral,negative-active,frame_017516.PNG
neutral,negative-active,frame_017517.PNG
neutral,negative-active,frame_017518.PNG
neutral,negative-active,frame_017519.PNG
neutral,negative-active,frame_017520.PNG
neutral,negative-active,frame_017521.PNG
neutral,negative-active,frame_017522.PNG
neutral,negative-active,frame_017523.PNG
neutral,negative-active,frame_017524.PNG
neutral,negative-active,frame_017525.PNG
neutral,negative-active,frame_017526.PNG
neutral,negative-active,frame_017527.PNG
neutral,negative-active,frame_017528.PNG
neutral,negative-active,frame_017529.PNG
neutral,negative-active,frame_017530.PNG
neutral,negative-active,frame_017531.PNG
neutral,negative-active,frame_017532.PNG
neutral,negative-active,frame_017533.PNG
neutral,negative-active,frame_017534.PNG
neutral,negative-active,frame_017535.PNG
neutral,negative-active,frame_017536.PNG
neutral,negative-active,frame_017537.PNG
neutral,negative-active,frame_017538.PNG
neutral,negative-active,frame_017539.PNG
neutral,negative-active,frame_017540.PNG
neutral,negative-active,frame_017541.PNG
neutral,negative-active,frame_017542.PNG
neutral,negative-active,frame_017543.PNG
neutral,negative-active,frame_017544.PNG
neutral,negative-active,frame_017545.PNG
neutral,negative-active,frame_017546.PNG
neutral,negative-active,frame_017554.PNG
neutral,negative-active,frame_017555.PNG
neutral,negative-active,frame_017556.PNG
neutral,negative-active,frame_017557.PNG
neutral,negative-active,frame_017558.PNG
neutral,negative-active,frame_017559.PNG
neutral,negative-active,frame_017560.PNG
neutral,negative-active,frame_017561.PNG
positive-deactive,negative-deactive,frame_017569.PNG
positive-deactive,negative-deactive,frame_017570.PNG
positive-deactive,negative-deactive,frame_017571.PNG
positive-deactive,negative-deactive,frame_017572.PNG
positive-deactive,negative-deactive,frame_017573.PNG
positive-deactive,negative-deactive,frame_017574.PNG
positive-deactive,negative-active,frame_017575.PNG
positive-deactive,negative-active,frame_017576.PNG
positive-deactive,negative-active,frame_017577.PNG
positive-deactive,negative-active,frame_017578.PNG
positive-deactive,negative-active,frame_017579.PNG
positive-deactive,negative-active,frame_017580.PNG
positive-deactive,negative-active,frame_017581.PNG
positive-deactive,negative-active,frame_017582.PNG
positive-deactive,negative-active,frame_017583.PNG
positive-deactive,negative-active,frame_017584.PNG
positive-deactive,negative-active,frame_017585.PNG
positive-deactive,negative-active,frame_017586.PNG
positive-deactive,negative-active,frame_017587.PNG
positive-deactive,negative-active,frame_017588.PNG
negative-deactive,negative-deactive,frame_017589.PNG
negative-deactive,negative-active,frame_017597.PNG
negative-deactive,negative-active,frame_017598.PNG
negative-deactive,negative-active,frame_017599.PNG
negative-deactive,negative-active,frame_017600.PNG
negative-deactive,negative-active,frame_017601.PNG
negative-deactive,negative-active,frame_017602.PNG
negative-deactive,negative-active,frame_017603.PNG
negative-deactive,negative-active,frame_017604.PNG
negative-deactive,negative-active,frame_017605.PNG
negative-deactive,negative-active,frame_017606.PNG
negative-deactive,negative-active,frame_017607.PNG
negative-deactive,negative-active,frame_017608.PNG
negative-deactive,negative-active,frame_017609.PNG
negative-deactive,negative-active,frame_017610.PNG
negative-deactive,negative-active,frame_017611.PNG
negative-deactive,negative-active,frame_017612.PNG
negative-deactive,negative-active,frame_017613.PNG
negative-deactive,negative-active,frame_017614.PNG
negative-deactive,negative-active,frame_017615.PNG
negative-deactive,negative-active,frame_017616.PNG
negative-deactive,negative-active,frame_017617.PNG
negative-deactive,negative-active,frame_017618.PNG
negative-deactive,negative-active,frame_017619.PNG
negative-deactive,negative-active,frame_017620.PNG
negative-deactive,negative-deactive,frame_017628.PNG
negative-deactive,negative-deactive,frame_017629.PNG
negative-deactive,negative-deactive,frame_017630.PNG
negative-deactive,negative-deactive,frame_017631.PNG
negative-deactive,negative-deactive,frame_017632.PNG
negative-deactive,negative-deactive,frame_017633.PNG
negative-deactive,negative-deactive,frame_017634.PNG
negative-deactive,negative-deactive,frame_017635.PNG
negative-deactive,negative-deactive,frame_017636.PNG
negative-deactive,negative-deactive,frame_017637.PNG
negative-deactive,negative-deactive,frame_017638.PNG
negative-deactive,negative-deactive,frame_017639.PNG
negative-deactive,negative-deactive,frame_017640.PNG
negative-deactive,negative-deactive,frame_017641.PNG
negative-deactive,negative-deactive,frame_017642.PNG
negative-deactive,negative-deactive,frame_017643.PNG
negative-deactive,negative-deactive,frame_017644.PNG
negative-deactive,negative-deactive,frame_017645.PNG
negative-deactive,negative-deactive,frame_017646.PNG
negative-deactive,negative-deactive,frame_017647.PNG
negative-deactive,negative-deactive,frame_017648.PNG
negative-deactive,negative-deactive,frame_017649.PNG
negative-deactive,negative-deactive,frame_017650.PNG
negative-deactive,negative-deactive,frame_017651.PNG
negative-deactive,neutral,frame_017652.PNG
positive-active,neutral,frame_017653.PNG
positive-active,neutral,frame_017654.PNG
positive-active,neutral,frame_017655.PNG
positive-active,neutral,frame_017656.PNG
positive-active,neutral,frame_017657.PNG
positive-active,neutral,frame_017658.PNG
positive-active,neutral,frame_017659.PNG
positive-active,neutral,frame_017660.PNG
positive-active,negative-deactive,frame_017669.PNG
positive-active,negative-deactive,frame_017670.PNG
positive-active,negative-deactive,frame_017671.PNG
negative-deactive,negative-active,frame_017676.PNG
negative-deactive,negative-active,frame_017677.PNG
negative-deactive,negative-active,frame_017678.PNG
negative-deactive,negative-active,frame_017679.PNG
negative-deactive,negative-active,frame_017680.PNG
negative-deactive,negative-active,frame_017681.PNG
negative-deactive,negative-active,frame_017682.PNG
negative-deactive,negative-active,frame_017683.PNG
negative-deactive,negative-active,frame_017684.PNG
negative-deactive,negative-active,frame_017685.PNG
negative-deactive,negative-active,frame_017686.PNG
negative-deactive,negative-active,frame_017687.PNG
negative-deactive,negative-active,frame_017688.PNG
negative-deactive,negative-active,frame_017689.PNG
negative-deactive,negative-active,frame_017690.PNG
negative-deactive,negative-active,frame_017691.PNG
negative-deactive,negative-active,frame_017692.PNG
negative-deactive,negative-active,frame_017693.PNG
negative-deactive,negative-active,frame_017694.PNG
negative-deactive,negative-active,frame_017695.PNG
negative-deactive,negative-active,frame_017696.PNG
positive-deactive,negative-active,frame_017702.PNG
positive-deactive,negative-active,frame_017703.PNG
positive-deactive,negative-active,frame_017704.PNG
positive-deactive,negative-active,frame_017705.PNG
neutral,negative-deactive,frame_017752.PNG
neutral,negative-deactive,frame_017753.PNG
neutral,negative-active,frame_017754.PNG
neutral,negative-active,frame_017755.PNG
neutral,negative-active,frame_017756.PNG
positive-deactive,negative-active,frame_017757.PNG
positive-deactive,negative-active,frame_017758.PNG
positive-deactive,negative-active,frame_017759.PNG
positive-deactive,negative-active,frame_017760.PNG
positive-deactive,negative-active,frame_017761.PNG
positive-deactive,negative-active,frame_017762.PNG
positive-deactive,negative-active,frame_017763.PNG
positive-deactive,negative-active,frame_017764.PNG
positive-deactive,negative-active,frame_017765.PNG
positive-deactive,negative-active,frame_017766.PNG
positive-deactive,negative-active,frame_017767.PNG
positive-deactive,negative-active,frame_017768.PNG
positive-deactive,negative-active,frame_017769.PNG
positive-deactive,negative-active,frame_017770.PNG
positive-deactive,negative-active,frame_017771.PNG
positive-deactive,negative-active,frame_017772.PNG
positive-deactive,negative-active,frame_017773.PNG
positive-deactive,negative-active,frame_017774.PNG
positive-deactive,negative-active,frame_017775.PNG
positive-deactive,negative-active,frame_017776.PNG
positive-deactive,negative-active,frame_017777.PNG
positive-deactive,positive-active,frame_017778.PNG
positive-deactive,positive-active,frame_017779.PNG
positive-active,positive-active,frame_017780.PNG
positive-active,positive-active,frame_017781.PNG
positive-active,positive-active,frame_017782.PNG
positive-active,positive-active,frame_017783.PNG
positive-active,positive-active,frame_017784.PNG
positive-active,positive-active,frame_017785.PNG
positive-active,positive-active,frame_017786.PNG
positive-active,positive-active,frame_017787.PNG
positive-active,positive-active,frame_017788.PNG
positive-active,positive-active,frame_017789.PNG
negative-deactive,negative-deactive,frame_017816.PNG
negative-deactive,negative-deactive,frame_017817.PNG
negative-deactive,negative-deactive,frame_017818.PNG
negative-deactive,negative-deactive,frame_017819.PNG
negative-deactive,negative-deactive,frame_017820.PNG
negative-deactive,negative-deactive,frame_017821.PNG
negative-deactive,negative-deactive,frame_017822.PNG
negative-deactive,negative-deactive,frame_017823.PNG
negative-deactive,negative-deactive,frame_017824.PNG
negative-deactive,negative-deactive,frame_017825.PNG
negative-deactive,negative-deactive,frame_017826.PNG
negative-deactive,negative-deactive,frame_017827.PNG
negative-deactive,negative-deactive,frame_017828.PNG
negative-deactive,negative-deactive,frame_017829.PNG
negative-deactive,negative-deactive,frame_017830.PNG
negative-deactive,negative-deactive,frame_017831.PNG
negative-deactive,negative-deactive,frame_017832.PNG
negative-deactive,negative-deactive,frame_017833.PNG
negative-deactive,negative-deactive,frame_017834.PNG
negative-deactive,negative-deactive,frame_017835.PNG
negative-deactive,negative-deactive,frame_017836.PNG
negative-deactive,negative-deactive,frame_017837.PNG
negative-deactive,negative-deactive,frame_017838.PNG
negative-deactive,negative-deactive,frame_017839.PNG
negative-deactive,negative-deactive,frame_017840.PNG
negative-deactive,negative-deactive,frame_017841.PNG
negative-deactive,negative-deactive,frame_017842.PNG
negative-deactive,negative-deactive,frame_017843.PNG
negative-deactive,negative-deactive,frame_017844.PNG
negative-deactive,negative-deactive,frame_017845.PNG
negative-deactive,negative-deactive,frame_017846.PNG
negative-deactive,negative-deactive,frame_017847.PNG
negative-deactive,negative-deactive,frame_017848.PNG
negative-deactive,negative-deactive,frame_017849.PNG
negative-deactive,negative-deactive,frame_017850.PNG
negative-deactive,negative-deactive,frame_017851.PNG
negative-deactive,negative-deactive,frame_017852.PNG
negative-deactive,negative-deactive,frame_017853.PNG
negative-deactive,negative-deactive,frame_017854.PNG
negative-deactive,negative-deactive,frame_017855.PNG
negative-deactive,negative-deactive,frame_017856.PNG
negative-deactive,negative-deactive,frame_017857.PNG
negative-deactive,negative-deactive,frame_017858.PNG
negative-deactive,negative-deactive,frame_017859.PNG
negative-deactive,negative-deactive,frame_017860.PNG
negative-deactive,negative-deactive,frame_017861.PNG
negative-deactive,negative-deactive,frame_017862.PNG
negative-deactive,negative-deactive,frame_017863.PNG
negative-deactive,negative-deactive,frame_017864.PNG
negative-deactive,negative-deactive,frame_017865.PNG
negative-deactive,negative-deactive,frame_017866.PNG
negative-deactive,negative-deactive,frame_017867.PNG
negative-deactive,negative-active,frame_017873.PNG
negative-deactive,negative-active,frame_017874.PNG
negative-deactive,negative-active,frame_017875.PNG
negative-deactive,negative-active,frame_017876.PNG
negative-deactive,negative-active,frame_017877.PNG
neutral,negative-active,frame_017878.PNG
neutral,negative-active,frame_017879.PNG
neutral,neutral,frame_017880.PNG
neutral,neutral,frame_017881.PNG
neutral,neutral,frame_017882.PNG
negative-deactive,negative-deactive,frame_017888.PNG
negative-deactive,negative-deactive,frame_017889.PNG
negative-deactive,negative-deactive,frame_017890.PNG
negative-deactive,negative-deactive,frame_017891.PNG
negative-deactive,negative-deactive,frame_017892.PNG
negative-deactive,negative-deactive,frame_017893.PNG
negative-deactive,negative-deactive,frame_017894.PNG
negative-deactive,negative-deactive,frame_017895.PNG
negative-deactive,negative-deactive,frame_017896.PNG
negative-deactive,negative-deactive,frame_017897.PNG
negative-deactive,negative-deactive,frame_017898.PNG
negative-deactive,negative-deactive,frame_017899.PNG
negative-deactive,negative-deactive,frame_017900.PNG
negative-deactive,negative-deactive,frame_017901.PNG
negative-deactive,negative-deactive,frame_017902.PNG
negative-deactive,negative-deactive,frame_017903.PNG
negative-deactive,negative-deactive,frame_017917.PNG
negative-deactive,negative-deactive,frame_017918.PNG
negative-deactive,negative-deactive,frame_017919.PNG
negative-deactive,negative-deactive,frame_017920.PNG
negative-deactive,negative-deactive,frame_017921.PNG
negative-deactive,negative-deactive,frame_017922.PNG
negative-deactive,negative-deactive,frame_017923.PNG
negative-deactive,negative-deactive,frame_017924.PNG
negative-deactive,negative-deactive,frame_017925.PNG
negative-deactive,negative-deactive,frame_017926.PNG
negative-deactive,negative-deactive,frame_017927.PNG
negative-deactive,negative-deactive,frame_017928.PNG
negative-deactive,negative-deactive,frame_017929.PNG
negative-deactive,negative-deactive,frame_017930.PNG
negative-deactive,negative-deactive,frame_017931.PNG
negative-deactive,negative-deactive,frame_017932.PNG
negative-deactive,negative-deactive,frame_017933.PNG
negative-deactive,negative-deactive,frame_017939.PNG
negative-deactive,negative-deactive,frame_017940.PNG
negative-deactive,negative-deactive,frame_017941.PNG
negative-deactive,negative-deactive,frame_017942.PNG
negative-deactive,negative-deactive,frame_017943.PNG
negative-deactive,negative-deactive,frame_017944.PNG
negative-deactive,negative-deactive,frame_017945.PNG
negative-deactive,negative-deactive,frame_017946.PNG
negative-deactive,negative-active,frame_017947.PNG
negative-deactive,negative-active,frame_017948.PNG
negative-deactive,negative-active,frame_017949.PNG
negative-deactive,negative-active,frame_017950.PNG
negative-deactive,negative-deactive,frame_017961.PNG
neutral,negative-deactive,frame_017976.PNG
neutral,negative-deactive,frame_017977.PNG
neutral,negative-deactive,frame_017978.PNG
neutral,negative-deactive,frame_017979.PNG
negative-deactive,negative-deactive,frame_017984.PNG
negative-deactive,negative-deactive,frame_017985.PNG
positive-deactive,positive-active,frame_017991.PNG
positive-deactive,positive-active,frame_017992.PNG
positive-deactive,positive-active,frame_017993.PNG
positive-deactive,positive-active,frame_017994.PNG
positive-deactive,positive-active,frame_017995.PNG
positive-deactive,positive-active,frame_017996.PNG
positive-deactive,positive-active,frame_017997.PNG
positive-deactive,positive-active,frame_017998.PNG
positive-deactive,positive-active,frame_017999.PNG
positive-active,positive-active,frame_018000.PNG
positive-active,positive-active,frame_018001.PNG
positive-active,positive-active,frame_018002.PNG
positive-active,positive-active,frame_018003.PNG
positive-active,positive-active,frame_018004.PNG
positive-active,positive-active,frame_018005.PNG
positive-active,positive-active,frame_018006.PNG
positive-active,positive-active,frame_018007.PNG
positive-active,positive-active,frame_018008.PNG
positive-active,positive-active,frame_018009.PNG
positive-active,positive-active,frame_018010.PNG
positive-active,positive-active,frame_018011.PNG
positive-deactive,negative-active,frame_018022.PNG
positive-deactive,negative-active,frame_018023.PNG
positive-deactive,negative-active,frame_018024.PNG
positive-deactive,negative-active,frame_018025.PNG
positive-deactive,negative-active,frame_018026.PNG
positive-deactive,negative-active,frame_018027.PNG
positive-deactive,negative-active,frame_018028.PNG
positive-deactive,negative-active,frame_018029.PNG
positive-deactive,negative-active,frame_018030.PNG
positive-deactive,negative-active,frame_018031.PNG
positive-deactive,negative-active,frame_018032.PNG
positive-deactive,negative-active,frame_018033.PNG
negative-deactive,negative-deactive,frame_018046.PNG
neutral,negative-deactive,frame_018047.PNG
neutral,negative-deactive,frame_018048.PNG
neutral,negative-deactive,frame_018049.PNG
neutral,negative-deactive,frame_018050.PNG
neutral,neutral,frame_018051.PNG
neutral,neutral,frame_018052.PNG
neutral,neutral,frame_018053.PNG
neutral,neutral,frame_018054.PNG
neutral,neutral,frame_018055.PNG
neutral,neutral,frame_018056.PNG
neutral,neutral,frame_018057.PNG
neutral,neutral,frame_018058.PNG
neutral,neutral,frame_018059.PNG
negative-deactive,negative-deactive,frame_018066.PNG
negative-deactive,negative-deactive,frame_018067.PNG
negative-deactive,negative-deactive,frame_018068.PNG
negative-deactive,negative-deactive,frame_018069.PNG
negative-deactive,negative-deactive,frame_018070.PNG
neutral,negative-deactive,frame_018071.PNG
neutral,neutral,frame_018072.PNG
neutral,neutral,frame_018073.PNG
neutral,neutral,frame_018074.PNG
neutral,neutral,frame_018075.PNG
neutral,neutral,frame_018076.PNG
neutral,neutral,frame_018077.PNG
neutral,neutral,frame_018078.PNG
neutral,neutral,frame_018079.PNG
neutral,neutral,frame_018080.PNG
neutral,neutral,frame_018081.PNG
neutral,neutral,frame_018082.PNG
neutral,neutral,frame_018083.PNG
neutral,neutral,frame_018084.PNG
neutral,neutral,frame_018085.PNG
neutral,neutral,frame_018086.PNG
neutral,neutral,frame_018087.PNG
neutral,neutral,frame_018088.PNG
neutral,neutral,frame_018089.PNG
negative-deactive,negative-active,frame_018095.PNG
negative-deactive,negative-active,frame_018096.PNG
negative-deactive,negative-active,frame_018097.PNG
negative-deactive,negative-active,frame_018098.PNG
negative-deactive,negative-active,frame_018099.PNG
negative-deactive,negative-active,frame_018100.PNG
negative-deactive,negative-active,frame_018171.PNG
negative-deactive,negative-deactive,frame_018172.PNG
negative-deactive,negative-deactive,frame_018173.PNG
negative-deactive,negative-deactive,frame_018174.PNG
negative-deactive,negative-deactive,frame_018175.PNG
negative-deactive,negative-deactive,frame_018176.PNG
negative-deactive,negative-deactive,frame_018177.PNG
negative-deactive,negative-deactive,frame_018178.PNG
negative-deactive,negative-deactive,frame_018179.PNG
negative-deactive,negative-deactive,frame_018180.PNG
negative-deactive,negative-deactive,frame_018181.PNG
negative-deactive,negative-deactive,frame_018182.PNG
negative-deactive,negative-deactive,frame_018183.PNG
negative-deactive,negative-deactive,frame_018184.PNG
negative-deactive,negative-deactive,frame_018196.PNG
negative-deactive,negative-deactive,frame_018197.PNG
negative-deactive,negative-deactive,frame_018198.PNG
negative-deactive,negative-deactive,frame_018199.PNG
negative-deactive,negative-deactive,frame_018200.PNG
negative-deactive,negative-deactive,frame_018201.PNG
negative-deactive,negative-deactive,frame_018202.PNG
negative-deactive,negative-deactive,frame_018203.PNG
negative-deactive,negative-deactive,frame_018204.PNG
negative-deactive,negative-deactive,frame_018205.PNG
negative-deactive,negative-deactive,frame_018206.PNG
negative-deactive,negative-deactive,frame_018207.PNG
negative-deactive,negative-deactive,frame_018208.PNG
negative-deactive,negative-deactive,frame_018209.PNG
negative-deactive,negative-deactive,frame_018210.PNG
negative-deactive,negative-deactive,frame_018211.PNG
negative-deactive,negative-deactive,frame_018212.PNG
negative-deactive,negative-deactive,frame_018213.PNG
negative-deactive,negative-deactive,frame_018214.PNG
negative-deactive,negative-deactive,frame_018215.PNG
negative-deactive,negative-deactive,frame_018216.PNG
negative-deactive,negative-active,frame_018217.PNG
negative-deactive,negative-active,frame_018218.PNG
negative-deactive,negative-active,frame_018219.PNG
negative-deactive,negative-active,frame_018220.PNG
negative-deactive,neutral,frame_018251.PNG
negative-deactive,neutral,frame_018252.PNG
negative-deactive,neutral,frame_018253.PNG
negative-deactive,neutral,frame_018254.PNG
negative-deactive,neutral,frame_018255.PNG
negative-deactive,positive-deactive,frame_018256.PNG
negative-deactive,positive-deactive,frame_018257.PNG
negative-deactive,positive-deactive,frame_018258.PNG
negative-deactive,positive-deactive,frame_018259.PNG
negative-deactive,positive-deactive,frame_018260.PNG
negative-deactive,positive-deactive,frame_018261.PNG
negative-deactive,positive-deactive,frame_018262.PNG
negative-deactive,positive-deactive,frame_018263.PNG
negative-deactive,negative-deactive,frame_018264.PNG
negative-deactive,negative-deactive,frame_018265.PNG
negative-deactive,negative-deactive,frame_018266.PNG
negative-deactive,negative-deactive,frame_018267.PNG
negative-deactive,negative-deactive,frame_018268.PNG
negative-deactive,negative-deactive,frame_018269.PNG
negative-deactive,negative-deactive,frame_018270.PNG
negative-deactive,negative-deactive,frame_018271.PNG
negative-deactive,negative-deactive,frame_018272.PNG
negative-deactive,negative-deactive,frame_018273.PNG
negative-deactive,negative-deactive,frame_018274.PNG
negative-deactive,negative-deactive,frame_018275.PNG
negative-deactive,negative-deactive,frame_018276.PNG
negative-deactive,negative-deactive,frame_018277.PNG
negative-deactive,negative-deactive,frame_018278.PNG
negative-deactive,negative-active,frame_018279.PNG
negative-deactive,negative-active,frame_018280.PNG
negative-deactive,negative-active,frame_018281.PNG
negative-deactive,negative-active,frame_018282.PNG
negative-deactive,negative-active,frame_018283.PNG
negative-deactive,negative-active,frame_018284.PNG
negative-deactive,negative-active,frame_018285.PNG
negative-deactive,negative-active,frame_018286.PNG
negative-deactive,negative-active,frame_018287.PNG
negative-deactive,negative-active,frame_018288.PNG
negative-deactive,negative-active,frame_018289.PNG
negative-deactive,negative-active,frame_018290.PNG
negative-deactive,negative-active,frame_018291.PNG
negative-deactive,negative-active,frame_018292.PNG
negative-deactive,negative-active,frame_018293.PNG
negative-deactive,negative-active,frame_018294.PNG
negative-deactive,negative-active,frame_018295.PNG
negative-deactive,negative-active,frame_018296.PNG
negative-deactive,negative-active,frame_018297.PNG
negative-deactive,negative-deactive,frame_018298.PNG
negative-deactive,negative-deactive,frame_018299.PNG
negative-deactive,negative-deactive,frame_018300.PNG
negative-deactive,negative-deactive,frame_018301.PNG
negative-deactive,negative-deactive,frame_018302.PNG
negative-deactive,negative-active,frame_018303.PNG
negative-deactive,negative-active,frame_018304.PNG
negative-deactive,negative-active,frame_018305.PNG
negative-deactive,negative-active,frame_018306.PNG
negative-deactive,negative-active,frame_018307.PNG
negative-deactive,negative-active,frame_018308.PNG
negative-deactive,negative-active,frame_018309.PNG
negative-deactive,negative-active,frame_018310.PNG
negative-deactive,negative-active,frame_018311.PNG
negative-deactive,negative-active,frame_018312.PNG
negative-deactive,negative-active,frame_018313.PNG
negative-deactive,negative-active,frame_018314.PNG
negative-deactive,negative-active,frame_018315.PNG
negative-deactive,negative-active,frame_018316.PNG
negative-deactive,negative-active,frame_018317.PNG
negative-deactive,negative-active,frame_018318.PNG
negative-deactive,negative-active,frame_018319.PNG
negative-deactive,neutral,frame_018320.PNG
negative-deactive,neutral,frame_018321.PNG
negative-deactive,neutral,frame_018322.PNG
negative-deactive,neutral,frame_018323.PNG
negative-deactive,neutral,frame_018324.PNG
negative-deactive,neutral,frame_018325.PNG
negative-deactive,neutral,frame_018326.PNG
negative-deactive,neutral,frame_018327.PNG
negative-deactive,neutral,frame_018328.PNG
negative-deactive,neutral,frame_018329.PNG
negative-deactive,neutral,frame_018330.PNG
negative-deactive,neutral,frame_018331.PNG
negative-deactive,neutral,frame_018332.PNG
negative-deactive,neutral,frame_018333.PNG
negative-deactive,neutral,frame_018334.PNG
negative-deactive,neutral,frame_018335.PNG
negative-deactive,neutral,frame_018336.PNG
negative-deactive,neutral,frame_018337.PNG
negative-deactive,neutral,frame_018338.PNG
negative-deactive,neutral,frame_018339.PNG
negative-deactive,neutral,frame_018340.PNG
negative-deactive,neutral,frame_018341.PNG
negative-deactive,neutral,frame_018342.PNG
negative-deactive,neutral,frame_018343.PNG
negative-deactive,neutral,frame_018344.PNG
negative-deactive,neutral,frame_018345.PNG
negative-deactive,neutral,frame_018346.PNG
negative-deactive,neutral,frame_018347.PNG
negative-deactive,neutral,frame_018348.PNG
negative-deactive,neutral,frame_018349.PNG
negative-deactive,neutral,frame_018354.PNG
positive-deactive,neutral,frame_018355.PNG
positive-deactive,neutral,frame_018356.PNG
positive-deactive,neutral,frame_018357.PNG
positive-deactive,negative-deactive,frame_018366.PNG
positive-deactive,negative-deactive,frame_018367.PNG
positive-deactive,negative-deactive,frame_018368.PNG
positive-deactive,negative-deactive,frame_018369.PNG
positive-deactive,negative-deactive,frame_018370.PNG
positive-deactive,negative-deactive,frame_018371.PNG
positive-deactive,negative-deactive,frame_018372.PNG
positive-deactive,negative-deactive,frame_018373.PNG
positive-deactive,negative-deactive,frame_018374.PNG
positive-deactive,negative-deactive,frame_018375.PNG
positive-deactive,negative-deactive,frame_018376.PNG
positive-deactive,negative-deactive,frame_018377.PNG
positive-deactive,negative-deactive,frame_018378.PNG
positive-deactive,negative-deactive,frame_018379.PNG
positive-deactive,negative-deactive,frame_018380.PNG
positive-deactive,negative-deactive,frame_018381.PNG
positive-deactive,negative-deactive,frame_018382.PNG
positive-deactive,negative-deactive,frame_018383.PNG
positive-deactive,negative-deactive,frame_018384.PNG
positive-deactive,negative-deactive,frame_018385.PNG
positive-deactive,negative-deactive,frame_018386.PNG
positive-deactive,negative-deactive,frame_018387.PNG
positive-deactive,negative-deactive,frame_018388.PNG
positive-deactive,negative-deactive,frame_018389.PNG
positive-deactive,negative-deactive,frame_018390.PNG
positive-deactive,negative-deactive,frame_018391.PNG
positive-deactive,negative-deactive,frame_018392.PNG
positive-deactive,negative-deactive,frame_018393.PNG
positive-deactive,negative-deactive,frame_018394.PNG
positive-deactive,negative-deactive,frame_018395.PNG
positive-deactive,negative-deactive,frame_018396.PNG
positive-deactive,negative-deactive,frame_018397.PNG
positive-deactive,negative-deactive,frame_018398.PNG
positive-deactive,negative-deactive,frame_018399.PNG
positive-deactive,negative-deactive,frame_018400.PNG
positive-deactive,negative-deactive,frame_018401.PNG
positive-deactive,negative-deactive,frame_018402.PNG
positive-deactive,negative-deactive,frame_018403.PNG
positive-deactive,negative-deactive,frame_018404.PNG
positive-deactive,negative-deactive,frame_018405.PNG
positive-deactive,negative-deactive,frame_018406.PNG
positive-deactive,negative-deactive,frame_018407.PNG
positive-deactive,negative-deactive,frame_018408.PNG
positive-deactive,negative-deactive,frame_018409.PNG
positive-deactive,negative-deactive,frame_018410.PNG
positive-deactive,negative-deactive,frame_018411.PNG
positive-deactive,negative-deactive,frame_018412.PNG
positive-deactive,negative-deactive,frame_018413.PNG
positive-deactive,negative-deactive,frame_018414.PNG
positive-deactive,negative-deactive,frame_018415.PNG
positive-deactive,negative-deactive,frame_018416.PNG
neutral,negative-deactive,frame_018425.PNG
neutral,negative-deactive,frame_018426.PNG
neutral,negative-deactive,frame_018427.PNG
neutral,negative-deactive,frame_018428.PNG
neutral,negative-deactive,frame_018429.PNG
neutral,negative-deactive,frame_018430.PNG
neutral,negative-deactive,frame_018431.PNG
neutral,negative-deactive,frame_018432.PNG
neutral,negative-deactive,frame_018433.PNG
neutral,negative-deactive,frame_018434.PNG
neutral,negative-deactive,frame_018435.PNG
neutral,negative-deactive,frame_018436.PNG
neutral,negative-deactive,frame_018437.PNG
neutral,negative-deactive,frame_018438.PNG
neutral,negative-deactive,frame_018439.PNG
neutral,negative-deactive,frame_018440.PNG
neutral,negative-deactive,frame_018441.PNG
neutral,negative-deactive,frame_018442.PNG
neutral,negative-deactive,frame_018443.PNG
neutral,negative-deactive,frame_018444.PNG
neutral,negative-deactive,frame_018445.PNG
neutral,negative-deactive,frame_018446.PNG
neutral,negative-deactive,frame_018447.PNG
neutral,negative-deactive,frame_018448.PNG
neutral,negative-deactive,frame_018449.PNG
neutral,negative-deactive,frame_018450.PNG
neutral,negative-deactive,frame_018451.PNG
neutral,negative-deactive,frame_018452.PNG
neutral,negative-deactive,frame_018453.PNG
negative-deactive,negative-deactive,frame_018543.PNG
negative-deactive,negative-deactive,frame_018544.PNG
negative-deactive,negative-deactive,frame_018545.PNG
negative-deactive,negative-deactive,frame_018546.PNG
negative-deactive,negative-deactive,frame_018547.PNG
negative-deactive,negative-deactive,frame_018548.PNG
negative-deactive,negative-deactive,frame_018549.PNG
negative-deactive,negative-deactive,frame_018550.PNG
negative-deactive,negative-deactive,frame_018551.PNG
negative-deactive,negative-deactive,frame_018552.PNG
negative-deactive,negative-deactive,frame_018553.PNG
negative-deactive,negative-deactive,frame_018554.PNG
negative-deactive,negative-deactive,frame_018555.PNG
negative-deactive,negative-deactive,frame_018556.PNG
negative-deactive,negative-deactive,frame_018557.PNG
negative-deactive,negative-deactive,frame_018558.PNG
negative-deactive,negative-deactive,frame_018559.PNG
negative-deactive,negative-deactive,frame_018560.PNG
negative-deactive,negative-deactive,frame_018561.PNG
negative-deactive,negative-deactive,frame_018562.PNG
negative-deactive,negative-deactive,frame_018563.PNG
negative-deactive,negative-deactive,frame_018564.PNG
negative-deactive,negative-deactive,frame_018565.PNG
negative-deactive,negative-deactive,frame_018566.PNG
negative-deactive,negative-deactive,frame_018567.PNG
negative-deactive,negative-deactive,frame_018568.PNG
negative-deactive,negative-deactive,frame_018569.PNG
negative-deactive,negative-deactive,frame_018570.PNG
negative-deactive,negative-deactive,frame_018571.PNG
negative-deactive,negative-deactive,frame_018572.PNG
negative-deactive,negative-deactive,frame_018573.PNG
negative-deactive,negative-deactive,frame_018574.PNG
negative-deactive,negative-deactive,frame_018575.PNG
negative-deactive,negative-deactive,frame_018576.PNG
negative-deactive,negative-deactive,frame_018577.PNG
negative-deactive,negative-deactive,frame_018578.PNG
negative-deactive,negative-deactive,frame_018579.PNG
negative-deactive,negative-deactive,frame_018580.PNG
negative-deactive,negative-deactive,frame_018581.PNG
negative-deactive,negative-deactive,frame_018582.PNG
negative-deactive,negative-deactive,frame_018583.PNG
negative-deactive,negative-deactive,frame_018584.PNG
negative-deactive,negative-deactive,frame_018585.PNG
negative-deactive,negative-deactive,frame_018586.PNG
negative-deactive,negative-deactive,frame_018587.PNG
negative-deactive,negative-deactive,frame_018588.PNG
negative-deactive,negative-deactive,frame_018589.PNG
negative-deactive,negative-active,frame_018605.PNG
negative-deactive,negative-active,frame_018606.PNG
negative-deactive,negative-active,frame_018607.PNG
neutral,negative-active,frame_018608.PNG
neutral,negative-active,frame_018609.PNG
neutral,negative-active,frame_018610.PNG
neutral,neutral,frame_018611.PNG
neutral,neutral,frame_018612.PNG
neutral,neutral,frame_018613.PNG
neutral,neutral,frame_018614.PNG
neutral,neutral,frame_018615.PNG
neutral,neutral,frame_018616.PNG
neutral,neutral,frame_018617.PNG
neutral,neutral,frame_018618.PNG
neutral,neutral,frame_018619.PNG
neutral,neutral,frame_018620.PNG
neutral,neutral,frame_018621.PNG
neutral,neutral,frame_018622.PNG
neutral,neutral,frame_018623.PNG
neutral,neutral,frame_018624.PNG
neutral,neutral,frame_018625.PNG
neutral,neutral,frame_018626.PNG
neutral,neutral,frame_018627.PNG
neutral,neutral,frame_018628.PNG
neutral,neutral,frame_018629.PNG
neutral,neutral,frame_018630.PNG
neutral,neutral,frame_018631.PNG
neutral,neutral,frame_018632.PNG
neutral,neutral,frame_018633.PNG
neutral,neutral,frame_018634.PNG
neutral,neutral,frame_018635.PNG
neutral,neutral,frame_018636.PNG
neutral,neutral,frame_018637.PNG
neutral,neutral,frame_018638.PNG
neutral,neutral,frame_018639.PNG
neutral,neutral,frame_018640.PNG
neutral,neutral,frame_018641.PNG
neutral,neutral,frame_018642.PNG
neutral,neutral,frame_018643.PNG
neutral,neutral,frame_018644.PNG
neutral,neutral,frame_018645.PNG
neutral,neutral,frame_018646.PNG
neutral,neutral,frame_018647.PNG
neutral,neutral,frame_018648.PNG
neutral,neutral,frame_018649.PNG
neutral,neutral,frame_018650.PNG
neutral,neutral,frame_018651.PNG
neutral,neutral,frame_018652.PNG
neutral,neutral,frame_018653.PNG
neutral,neutral,frame_018654.PNG
neutral,neutral,frame_018655.PNG
neutral,neutral,frame_018656.PNG
neutral,neutral,frame_018657.PNG
neutral,neutral,frame_018658.PNG
neutral,neutral,frame_018659.PNG
neutral,neutral,frame_018660.PNG
neutral,neutral,frame_018661.PNG
neutral,neutral,frame_018662.PNG
neutral,neutral,frame_018663.PNG
neutral,neutral,frame_018664.PNG
neutral,neutral,frame_018665.PNG
neutral,neutral,frame_018666.PNG
neutral,neutral,frame_018667.PNG
neutral,neutral,frame_018668.PNG
neutral,neutral,frame_018669.PNG
neutral,neutral,frame_018670.PNG
neutral,neutral,frame_018671.PNG
neutral,neutral,frame_018672.PNG
neutral,neutral,frame_018673.PNG
neutral,neutral,frame_018674.PNG
neutral,neutral,frame_018675.PNG
neutral,neutral,frame_018676.PNG
neutral,neutral,frame_018677.PNG
neutral,neutral,frame_018678.PNG
neutral,neutral,frame_018679.PNG
neutral,neutral,frame_018680.PNG
neutral,neutral,frame_018681.PNG
negative-deactive,negative-deactive,frame_018703.PNG
negative-deactive,negative-deactive,frame_018704.PNG
negative-deactive,negative-deactive,frame_018705.PNG
negative-deactive,negative-deactive,frame_018706.PNG
negative-deactive,negative-deactive,frame_018707.PNG
negative-deactive,negative-deactive,frame_018708.PNG
negative-deactive,negative-deactive,frame_018709.PNG
negative-deactive,negative-deactive,frame_018710.PNG
negative-deactive,negative-deactive,frame_018711.PNG
negative-deactive,negative-deactive,frame_018712.PNG
negative-deactive,negative-deactive,frame_018713.PNG
negative-deactive,negative-deactive,frame_018714.PNG
negative-deactive,negative-deactive,frame_018715.PNG
negative-deactive,negative-deactive,frame_018716.PNG
negative-deactive,negative-deactive,frame_018717.PNG
negative-deactive,negative-deactive,frame_018718.PNG
negative-deactive,negative-deactive,frame_018719.PNG
negative-deactive,negative-deactive,frame_018720.PNG
negative-deactive,negative-deactive,frame_018721.PNG
negative-deactive,negative-deactive,frame_018722.PNG
negative-deactive,negative-deactive,frame_018723.PNG
negative-deactive,negative-deactive,frame_018724.PNG
negative-deactive,negative-deactive,frame_018725.PNG
negative-deactive,negative-deactive,frame_018726.PNG
negative-deactive,negative-deactive,frame_018727.PNG
negative-deactive,negative-deactive,frame_018728.PNG
negative-deactive,negative-deactive,frame_018729.PNG
negative-deactive,negative-deactive,frame_018730.PNG
negative-deactive,negative-deactive,frame_018731.PNG
negative-deactive,negative-deactive,frame_018732.PNG
negative-deactive,negative-deactive,frame_018733.PNG
negative-deactive,negative-deactive,frame_018734.PNG
negative-deactive,negative-deactive,frame_018735.PNG
negative-deactive,negative-deactive,frame_018736.PNG
negative-deactive,negative-deactive,frame_018737.PNG
negative-deactive,negative-deactive,frame_018738.PNG
negative-deactive,negative-deactive,frame_018739.PNG
negative-deactive,negative-deactive,frame_018740.PNG
negative-deactive,negative-deactive,frame_018741.PNG
negative-deactive,negative-deactive,frame_018742.PNG
negative-deactive,negative-deactive,frame_018743.PNG
negative-deactive,negative-deactive,frame_018744.PNG
negative-deactive,negative-deactive,frame_018745.PNG
negative-deactive,negative-deactive,frame_018746.PNG
negative-deactive,negative-deactive,frame_018747.PNG
negative-deactive,negative-deactive,frame_018748.PNG
negative-deactive,negative-deactive,frame_018749.PNG
negative-deactive,negative-deactive,frame_018750.PNG
negative-deactive,negative-deactive,frame_018751.PNG
negative-deactive,negative-deactive,frame_018752.PNG
negative-deactive,negative-deactive,frame_018753.PNG
negative-deactive,negative-deactive,frame_018754.PNG
negative-deactive,negative-deactive,frame_018755.PNG
negative-deactive,negative-deactive,frame_018756.PNG
negative-deactive,negative-deactive,frame_018757.PNG
negative-deactive,negative-deactive,frame_018758.PNG
negative-deactive,negative-deactive,frame_018759.PNG
negative-deactive,negative-deactive,frame_018760.PNG
negative-deactive,negative-deactive,frame_018761.PNG
negative-deactive,negative-deactive,frame_018762.PNG
negative-deactive,negative-deactive,frame_018763.PNG
negative-deactive,negative-deactive,frame_018764.PNG
negative-deactive,negative-deactive,frame_018765.PNG
negative-deactive,negative-deactive,frame_018766.PNG
negative-deactive,negative-deactive,frame_018767.PNG
negative-deactive,negative-deactive,frame_018768.PNG
negative-deactive,negative-deactive,frame_018769.PNG
negative-deactive,negative-deactive,frame_018770.PNG
negative-deactive,negative-deactive,frame_018771.PNG
negative-deactive,negative-deactive,frame_018772.PNG
negative-deactive,negative-deactive,frame_018773.PNG
negative-deactive,negative-deactive,frame_018774.PNG
negative-deactive,negative-deactive,frame_018775.PNG
negative-deactive,negative-deactive,frame_018776.PNG
negative-deactive,negative-deactive,frame_018777.PNG
positive-deactive,negative-deactive,frame_018789.PNG
positive-deactive,negative-deactive,frame_018790.PNG
positive-deactive,negative-deactive,frame_018791.PNG
positive-deactive,negative-deactive,frame_018792.PNG
positive-deactive,negative-deactive,frame_018793.PNG
positive-deactive,negative-deactive,frame_018794.PNG
positive-deactive,negative-deactive,frame_018795.PNG
positive-deactive,negative-deactive,frame_018796.PNG
positive-deactive,negative-deactive,frame_018797.PNG
positive-deactive,negative-deactive,frame_018798.PNG
positive-deactive,negative-deactive,frame_018799.PNG
positive-deactive,negative-deactive,frame_018800.PNG
positive-deactive,negative-deactive,frame_018801.PNG
positive-deactive,negative-deactive,frame_018802.PNG
positive-deactive,negative-deactive,frame_018803.PNG
positive-deactive,negative-deactive,frame_018804.PNG
positive-deactive,negative-deactive,frame_018805.PNG
positive-deactive,negative-active,frame_018806.PNG
negative-deactive,negative-deactive,frame_018813.PNG
negative-deactive,negative-deactive,frame_018814.PNG
negative-deactive,negative-deactive,frame_018815.PNG
negative-deactive,negative-active,frame_018816.PNG
negative-deactive,negative-active,frame_018817.PNG
negative-deactive,negative-active,frame_018818.PNG
negative-deactive,negative-active,frame_018819.PNG
neutral,negative-active,frame_018820.PNG
neutral,negative-active,frame_018821.PNG
neutral,negative-active,frame_018822.PNG
neutral,negative-active,frame_018823.PNG
neutral,negative-active,frame_018824.PNG
neutral,negative-active,frame_018825.PNG
negative-deactive,negative-active,frame_018830.PNG
negative-deactive,negative-active,frame_018831.PNG
positive-deactive,negative-active,frame_018832.PNG
positive-deactive,negative-active,frame_018833.PNG
positive-deactive,negative-active,frame_018834.PNG
positive-deactive,negative-active,frame_018835.PNG
positive-deactive,negative-active,frame_018836.PNG
positive-deactive,negative-active,frame_018837.PNG
positive-deactive,negative-active,frame_018838.PNG
positive-deactive,negative-active,frame_018839.PNG
positive-deactive,negative-active,frame_018840.PNG
positive-deactive,negative-active,frame_018841.PNG
positive-deactive,negative-active,frame_018842.PNG
positive-deactive,negative-active,frame_018843.PNG
positive-deactive,negative-active,frame_018844.PNG
positive-deactive,negative-active,frame_018845.PNG
positive-deactive,negative-active,frame_018846.PNG
positive-deactive,negative-active,frame_018847.PNG
positive-deactive,negative-active,frame_018848.PNG
positive-deactive,negative-active,frame_018849.PNG
positive-deactive,negative-active,frame_018850.PNG
positive-deactive,negative-active,frame_018851.PNG
positive-deactive,negative-active,frame_018852.PNG
positive-deactive,negative-active,frame_018853.PNG
positive-deactive,negative-active,frame_018854.PNG
positive-deactive,negative-active,frame_018855.PNG
positive-deactive,negative-active,frame_018856.PNG
positive-deactive,positive-deactive,frame_018857.PNG
positive-deactive,positive-deactive,frame_018858.PNG
positive-deactive,positive-deactive,frame_018859.PNG
positive-deactive,positive-deactive,frame_018860.PNG
positive-deactive,positive-deactive,frame_018861.PNG
positive-deactive,positive-deactive,frame_018862.PNG
positive-deactive,positive-deactive,frame_018863.PNG
positive-deactive,positive-deactive,frame_018864.PNG
positive-deactive,positive-deactive,frame_018865.PNG
positive-deactive,positive-deactive,frame_018866.PNG
positive-deactive,positive-deactive,frame_018867.PNG
positive-deactive,positive-deactive,frame_018868.PNG
positive-deactive,positive-deactive,frame_018869.PNG
positive-deactive,negative-deactive,frame_018870.PNG
positive-deactive,negative-deactive,frame_018871.PNG
positive-deactive,negative-deactive,frame_018872.PNG
positive-deactive,negative-deactive,frame_018873.PNG
positive-deactive,negative-deactive,frame_018874.PNG
positive-deactive,negative-deactive,frame_018875.PNG
positive-deactive,negative-deactive,frame_018876.PNG
positive-deactive,negative-deactive,frame_018877.PNG
positive-deactive,negative-deactive,frame_018878.PNG
negative-deactive,negative-deactive,frame_018879.PNG
negative-deactive,negative-deactive,frame_018886.PNG
negative-deactive,negative-deactive,frame_018887.PNG
negative-deactive,negative-deactive,frame_018888.PNG
negative-deactive,negative-deactive,frame_018889.PNG
negative-deactive,negative-deactive,frame_018890.PNG
negative-deactive,negative-deactive,frame_018891.PNG
negative-deactive,negative-deactive,frame_018892.PNG
negative-deactive,negative-deactive,frame_018893.PNG
negative-deactive,negative-deactive,frame_018894.PNG
negative-deactive,negative-deactive,frame_018895.PNG
negative-deactive,negative-deactive,frame_018896.PNG
negative-deactive,negative-deactive,frame_018897.PNG
negative-deactive,negative-deactive,frame_018898.PNG
negative-deactive,negative-deactive,frame_018899.PNG
negative-deactive,negative-deactive,frame_018900.PNG
negative-deactive,negative-deactive,frame_018901.PNG
negative-deactive,negative-deactive,frame_018902.PNG
negative-deactive,negative-deactive,frame_018903.PNG
negative-deactive,negative-deactive,frame_018904.PNG
negative-deactive,negative-deactive,frame_018905.PNG
negative-deactive,negative-deactive,frame_018906.PNG
negative-deactive,negative-deactive,frame_018907.PNG
neutral,negative-deactive,frame_018914.PNG
neutral,negative-deactive,frame_018915.PNG
neutral,negative-deactive,frame_018916.PNG
neutral,negative-deactive,frame_018917.PNG
neutral,negative-deactive,frame_018918.PNG
neutral,negative-deactive,frame_018919.PNG
neutral,negative-deactive,frame_018920.PNG
neutral,negative-deactive,frame_018921.PNG
neutral,negative-active,frame_018922.PNG
neutral,negative-active,frame_018923.PNG
neutral,negative-active,frame_018924.PNG
neutral,negative-active,frame_018925.PNG
neutral,negative-active,frame_018926.PNG
neutral,negative-active,frame_018927.PNG
neutral,negative-active,frame_018928.PNG
neutral,negative-active,frame_018929.PNG
neutral,negative-active,frame_018930.PNG
neutral,negative-active,frame_018931.PNG
neutral,negative-active,frame_018932.PNG
neutral,negative-active,frame_018933.PNG
neutral,negative-active,frame_018934.PNG
neutral,negative-active,frame_018935.PNG
neutral,negative-active,frame_018936.PNG
neutral,negative-active,frame_018937.PNG
neutral,negative-active,frame_018938.PNG
neutral,negative-active,frame_018939.PNG
neutral,negative-active,frame_018940.PNG
neutral,negative-active,frame_018941.PNG
neutral,negative-active,frame_018942.PNG
neutral,negative-active,frame_018943.PNG
neutral,negative-active,frame_018944.PNG
neutral,neutral,frame_018945.PNG
neutral,neutral,frame_018946.PNG
neutral,neutral,frame_018947.PNG
neutral,neutral,frame_018948.PNG
neutral,neutral,frame_018949.PNG
neutral,neutral,frame_018950.PNG
neutral,neutral,frame_018951.PNG
positive-active,neutral,frame_018952.PNG
positive-active,positive-deactive,frame_018953.PNG
positive-active,positive-deactive,frame_018954.PNG
positive-active,positive-deactive,frame_018955.PNG
positive-active,positive-deactive,frame_018956.PNG
positive-active,negative-active,frame_018957.PNG
positive-active,negative-active,frame_018958.PNG
positive-active,negative-active,frame_018959.PNG
positive-active,negative-active,frame_018960.PNG
positive-active,negative-active,frame_018961.PNG
positive-active,negative-active,frame_018962.PNG
positive-active,negative-active,frame_018963.PNG
positive-active,negative-active,frame_018964.PNG
positive-active,negative-active,frame_018965.PNG
positive-active,negative-active,frame_018966.PNG
positive-active,negative-active,frame_018967.PNG
positive-active,negative-active,frame_018968.PNG
positive-active,negative-active,frame_018969.PNG
positive-active,negative-active,frame_018970.PNG
positive-active,negative-active,frame_018971.PNG
positive-active,negative-active,frame_018972.PNG
positive-active,positive-active,frame_018973.PNG
positive-active,positive-active,frame_018974.PNG
positive-active,positive-active,frame_018975.PNG
positive-active,positive-active,frame_018976.PNG
positive-active,positive-active,frame_018977.PNG
positive-active,positive-active,frame_018978.PNG
positive-active,positive-active,frame_018979.PNG
positive-active,positive-active,frame_018980.PNG
positive-active,positive-active,frame_018981.PNG
positive-active,positive-active,frame_018982.PNG
positive-active,positive-active,frame_018983.PNG
positive-active,positive-active,frame_018984.PNG
positive-active,positive-active,frame_018985.PNG
positive-active,positive-active,frame_018986.PNG
positive-active,positive-active,frame_018987.PNG
positive-active,positive-active,frame_018988.PNG
positive-active,positive-active,frame_018989.PNG
positive-active,positive-active,frame_018990.PNG
positive-active,positive-active,frame_018991.PNG
positive-active,positive-deactive,frame_018992.PNG
positive-active,positive-deactive,frame_018993.PNG
positive-active,positive-deactive,frame_019004.PNG
positive-active,positive-active,frame_019005.PNG
positive-active,positive-active,frame_019006.PNG
positive-active,positive-active,frame_019007.PNG
positive-active,positive-active,frame_019008.PNG
positive-active,positive-active,frame_019009.PNG
positive-active,positive-active,frame_019010.PNG
positive-active,positive-active,frame_019011.PNG
positive-active,positive-active,frame_019012.PNG
positive-active,positive-active,frame_019013.PNG
positive-active,positive-active,frame_019014.PNG
positive-active,positive-active,frame_019015.PNG
positive-active,positive-active,frame_019016.PNG
positive-active,positive-active,frame_019017.PNG
positive-active,positive-active,frame_019018.PNG
positive-active,positive-active,frame_019023.PNG
positive-active,positive-active,frame_019024.PNG
positive-active,positive-active,frame_019025.PNG
positive-active,positive-active,frame_019026.PNG
positive-active,positive-active,frame_019027.PNG
positive-active,positive-active,frame_019028.PNG
positive-active,positive-active,frame_019029.PNG
positive-active,positive-active,frame_019030.PNG
positive-active,positive-active,frame_019031.PNG
positive-active,positive-active,frame_019032.PNG
positive-active,positive-active,frame_019033.PNG
positive-active,positive-active,frame_019034.PNG
positive-active,positive-active,frame_019035.PNG
positive-active,positive-active,frame_019036.PNG
positive-active,positive-deactive,frame_019037.PNG
positive-active,positive-deactive,frame_019038.PNG
positive-active,neutral,frame_019039.PNG
positive-active,neutral,frame_019040.PNG
positive-active,neutral,frame_019041.PNG
positive-active,neutral,frame_019042.PNG
positive-active,neutral,frame_019043.PNG
positive-active,positive-deactive,frame_019044.PNG
positive-active,positive-deactive,frame_019045.PNG
positive-active,positive-deactive,frame_019046.PNG
positive-active,positive-deactive,frame_019047.PNG
positive-active,positive-deactive,frame_019048.PNG
positive-active,positive-deactive,frame_019049.PNG
positive-active,positive-deactive,frame_019050.PNG
positive-active,positive-active,frame_019051.PNG
positive-active,positive-active,frame_019052.PNG
positive-active,positive-active,frame_019053.PNG
positive-active,positive-active,frame_019054.PNG
positive-active,positive-active,frame_019055.PNG
positive-active,positive-active,frame_019056.PNG
positive-active,positive-active,frame_019057.PNG
positive-active,positive-active,frame_019058.PNG
positive-active,positive-active,frame_019115.PNG
positive-active,positive-active,frame_019116.PNG
positive-active,positive-active,frame_019117.PNG
positive-active,positive-active,frame_019118.PNG
positive-active,positive-active,frame_019119.PNG
positive-active,positive-active,frame_019120.PNG
positive-active,positive-active,frame_019121.PNG
positive-active,negative-deactive,frame_019131.PNG
positive-deactive,negative-deactive,frame_019132.PNG
neutral,negative-deactive,frame_019145.PNG
negative-deactive,negative-deactive,frame_019151.PNG
negative-deactive,negative-deactive,frame_019152.PNG
negative-deactive,negative-deactive,frame_019153.PNG
negative-deactive,negative-deactive,frame_019154.PNG
negative-deactive,negative-deactive,frame_019186.PNG
negative-deactive,negative-deactive,frame_019187.PNG
negative-deactive,negative-deactive,frame_019188.PNG
negative-deactive,negative-deactive,frame_019189.PNG
negative-deactive,negative-deactive,frame_019190.PNG
negative-deactive,negative-deactive,frame_019191.PNG
negative-deactive,negative-deactive,frame_019192.PNG
negative-deactive,negative-deactive,frame_019193.PNG
negative-deactive,negative-deactive,frame_019194.PNG
negative-deactive,negative-deactive,frame_019195.PNG
negative-deactive,negative-deactive,frame_019196.PNG
negative-deactive,negative-deactive,frame_019197.PNG
negative-deactive,negative-deactive,frame_019198.PNG
negative-deactive,negative-deactive,frame_019199.PNG
negative-deactive,negative-deactive,frame_019200.PNG
negative-deactive,negative-deactive,frame_019201.PNG
negative-deactive,negative-deactive,frame_019202.PNG
positive-active,negative-active,frame_019203.PNG
positive-active,negative-active,frame_019204.PNG
positive-active,negative-active,frame_019205.PNG
positive-active,negative-active,frame_019206.PNG
positive-active,negative-active,frame_019207.PNG
positive-active,negative-active,frame_019208.PNG
positive-active,negative-active,frame_019209.PNG
positive-active,negative-active,frame_019210.PNG
positive-active,negative-active,frame_019211.PNG
positive-active,negative-active,frame_019212.PNG
positive-active,negative-active,frame_019213.PNG
positive-active,negative-active,frame_019214.PNG
positive-active,negative-active,frame_019215.PNG
positive-active,negative-active,frame_019216.PNG
positive-active,negative-deactive,frame_019217.PNG
positive-active,negative-deactive,frame_019218.PNG
positive-active,negative-deactive,frame_019219.PNG
positive-active,negative-deactive,frame_019220.PNG
positive-active,negative-deactive,frame_019221.PNG
positive-active,negative-deactive,frame_019222.PNG
positive-active,negative-deactive,frame_019223.PNG
positive-active,negative-deactive,frame_019224.PNG
positive-active,negative-deactive,frame_019225.PNG
positive-active,negative-deactive,frame_019226.PNG
positive-active,negative-deactive,frame_019227.PNG
positive-active,negative-deactive,frame_019228.PNG
positive-active,negative-deactive,frame_019229.PNG
